0.0 0
0.0905768 340
0.0905768 340
0.18279 680
0.276537 1020
0.370283 1360
0.462454 1700
0.465606 2040
0.5562 2380
0.559352 2720
0.562504 3060
0.649946 3400
0.653098 3740
0.65625 4080
0.659402 4420
0.742117 4760
0.745269 5100
0.748421 5440
0.751573 5780
0.754725 6120
0.757877 6460
0.834287 6800
0.837439 7140
0.840591 7480
0.843743 7820
0.846895 8160
0.850047 8500
0.853199 8840
0.856351 9180
0.859503 9520
0.926458 9860
0.92961 10200
0.932762 10540
0.935914 10880
0.939066 11220
0.942218 11560
0.94537 11900
0.948522 12240
0.951674 12580
0.954826 12920
0.957978 13260
0.96113 13600
0.964282 13940
0.967434 14280
1.0202 14620
1.02336 14960
1.02651 15300
1.02966 15640
1.03281 15980
1.03596 16320
1.03912 16660
1.04227 17000
1.04542 17340
1.04857 17680
1.05172 18020
1.05488 18360
1.05803 18700
1.06118 19040
1.06433 19380
1.06748 19720
1.07064 20060
1.07379 20400
1.07694 20740
1.08009 21080
1.08324 21420
1.11395 21760
1.1171 22100
1.12025 22440
1.12341 22780
1.12656 23120
1.12971 23460
1.13286 23800
1.13601 24140
1.13917 24480
1.14232 24820
1.14547 25160
1.14862 25500
1.15177 25840
1.15493 26180
1.15808 26520
1.16123 26860
1.16438 27200
1.16753 27540
1.17069 27880
1.17384 28220
1.17699 28560
1.18014 28900
1.18329 29240
1.18645 29580
1.1896 29920
1.19275 30260
1.1959 30600
1.19905 30940
1.20221 31280
1.20536 31620
1.20851 31960
1.21166 32300
1.21481 32640
1.21797 32980
1.22112 33320
1.22427 33660
1.22742 34000
1.23057 34340
1.23373 34680
1.23688 35020
1.24003 35360
1.24318 35700
1.24633 36040
1.24949 36380
1.25264 36720
1.25579 37060
1.25894 37400
1.26209 37740
1.26525 38080
1.2684 38420
1.27155 38760
1.2747 39100
1.27785 39440
1.28101 39780
1.28416 40120
1.28731 40460
1.29046 40800
1.29361 41140
1.29677 41480
1.29992 41820
1.30307 42160
1.30622 42500
1.30937 42840
1.31253 43180
1.31568 43520
1.31883 43860
1.32198 44200
1.32513 44540
1.32829 44880
1.33144 45220
1.33459 45560
1.33774 45900
1.34089 46240
1.34405 46580
1.3472 46920
1.35035 47260
1.3535 47600
1.35665 47940
1.35981 48280
1.36296 48620
1.36611 48960
1.36926 49300
1.37241 49640
1.37557 49980
1.37872 50320
1.38187 50660
1.38502 51000
1.38817 51340
1.39133 51680
1.39448 52020
1.39763 52360
1.40078 52700
1.40393 53040
1.40709 53380
1.41024 53720
1.41339 54060
1.41654 54400
1.41969 54740
1.42285 55080
1.426 55420
1.42915 55760
1.4323 56100
1.43545 56440
1.43861 56780
1.44176 57120
1.44491 57460
1.44806 57800
1.45121 58140
1.45437 58480
1.45752 58820
1.46067 59160
1.46382 59500
1.46697 59840
1.47013 60180
1.47328 60520
1.47643 60860
1.47958 61200
1.48273 61540
1.48589 61880
1.48904 62220
1.49219 62560
1.49534 62900
1.49849 63240
1.50165 63580
1.5048 63920
1.50795 64260
1.5111 64600
1.51425 64940
1.51741 65280
1.52056 65620
1.52371 65960
1.52686 66300
1.53001 66640
1.53317 66980
1.53632 67320
1.53947 67660
1.54262 68000
1.54577 68340
1.54893 68680
1.55208 69020
1.55523 69360
1.55838 69700
1.56153 70040
1.56469 70380
1.56784 70720
1.57099 71060
1.57414 71400
1.57729 71740
1.58045 72080
1.5836 72420
1.58675 72760
1.5899 73100
1.59305 73440
1.59621 73780
1.59936 74120
1.60251 74460
1.60566 74800
1.60881 75140
1.61197 75480
1.61512 75820
1.61827 76160
1.62142 76500
1.62457 76840
1.62773 77180
1.63088 77520
1.63403 77860
1.63718 78200
1.64033 78540
1.64349 78880
1.64664 79220
1.64979 79560
1.65294 79900
1.65609 80240
1.65925 80580
1.6624 80920
1.66555 81260
1.6687 81600
1.67185 81940
1.67501 82280
1.67816 82620
1.68131 82960
1.68446 83300
1.68761 83640
1.69077 83980
1.69392 84320
1.69707 84660
1.70022 85000
1.70337 85340
1.70653 85680
1.70968 86020
1.71283 86360
1.71598 86700
1.71913 87040
1.72229 87380
1.72544 87720
1.72859 88060
1.73174 88400
1.73489 88740
1.73805 89080
1.7412 89420
1.74435 89760
1.7475 90100
1.75065 90440
1.75381 90780
1.75696 91120
1.76011 91460
1.76326 91800
1.76641 92140
1.76957 92480
1.77272 92820
1.77587 93160
1.77902 93500
1.78217 93840
1.78533 94180
1.78848 94520
1.79163 94860
1.79478 95200
1.79793 95540
1.80109 95880
1.80424 96220
1.80739 96560
1.81054 96900
1.81369 97240
1.81685 97580
1.82 97920
1.82315 98260
1.8263 98600
1.82945 98940
1.83261 99280
1.83576 99620
1.83891 99960
1.84206 100300
1.84521 100640
1.84837 100980
1.85152 101320
1.85467 101660
1.85782 102000
1.86097 102340
1.86413 102680
1.86728 103020
1.87043 103360
1.87358 103700
1.87673 104040
1.87989 104380
1.88304 104720
1.88619 105060
1.88934 105400
1.89249 105740
1.89565 106080
1.8988 106420
1.90195 106760
1.9051 107100
1.90825 107440
1.91141 107780
1.91456 108120
1.91771 108460
1.92086 108800
1.92401 109140
1.92717 109480
1.93197 109480
1.93197 680
3.26927 340
3.28441 680
3.28441 850
3.3767 986
3.37828 1103
3.46899 1207
3.47056 1302
3.47214 1390
3.56127 1473
3.56285 1551
3.56442 1625
3.566 1696
3.65356 1764
3.65513 1829
3.65671 1892
3.65828 1953
3.74584 2012
3.74742 2069
3.74899 2124
3.75057 2178
3.75215 2231
3.83813 2282
3.8397 2332
3.84128 2381
3.84286 2429
3.84443 2476
3.84601 2522
3.93041 2567
3.93199 2612
3.93357 2656
3.93514 2699
3.93672 2741
3.93829 2783
3.93987 2824
4.0227 2864
4.02428 2904
4.02585 2943
4.02743 2982
4.029 3020
4.03058 3058
4.03216 3095
4.03373 3132
4.11498 3168
4.11656 3204
4.11814 3240
4.11971 3275
4.12129 3310
4.12286 3344
4.12444 3378
4.12602 3412
4.12759 3445
4.20727 3478
4.20885 3511
4.21042 3543
4.212 3575
4.21357 3607
4.21515 3639
4.21673 3670
4.2183 3701
4.21988 3732
4.22145 3762
4.29956 3792
4.30113 3822
4.30271 3852
4.30428 3882
4.30586 3911
4.30744 3940
4.30901 3969
4.31059 3998
4.31216 4026
4.31374 4054
4.31532 4082
4.39184 4110
4.39342 4138
4.39499 4165
4.39657 4192
4.39815 4219
4.39972 4246
4.4013 4273
4.40287 4300
4.40445 4326
4.40603 4352
4.4076 4378
4.40918 4404
4.48413 4430
4.4857 4456
4.48728 4481
4.48886 4506
4.49043 4531
4.49201 4556
4.49358 4581
4.49516 4606
4.49674 4631
4.49831 4655
4.49989 4679
4.50146 4703
4.57637 4727
4.57791 4751
4.5826 4775
4.58575 4799
4.58891 4823
4.59206 4846
4.59521 4869
4.67012 4892
4.67477 4915
4.67792 4938
4.68108 4961
4.68423 4984
4.68738 5007
4.69053 5030
4.76387 5052
4.76852 5074
4.77167 5096
4.77482 5118
4.77797 5140
4.78113 5162
4.78428 5184
4.85761 5206
4.86226 5228
4.86542 5250
4.86857 5272
4.87172 5293
4.87487 5314
4.87802 5335
4.94978 5356
4.95444 5377
4.95759 5398
4.96074 5419
4.96389 5440
4.96704 5461
4.9702 5482
5.04195 5503
5.04661 5524
5.04976 5544
5.05291 5564
5.05606 5584
5.05921 5604
5.06237 5624
5.06552 5644
5.1357 5664
5.14035 5684
5.1435 5704
5.14666 5724
5.14981 5744
5.15296 5764
5.15611 5784
5.15926 5803
5.22945 5822
5.2341 5841
5.23725 5860
5.2404 5879
5.24355 5898
5.24671 5917
5.24986 5936
5.25301 5955
5.32162 5974
5.32627 5993
5.32942 6012
5.33257 6031
5.33572 6050
5.33888 6069
5.34203 6088
5.34518 6106
5.41379 6124
5.41844 6142
5.42159 6160
5.42474 6178
5.4279 6196
5.43105 6214
5.4342 6232
5.43735 6250
5.50596 6268
5.50911 6286
5.51226 6304
5.51541 6322
5.51857 6340
5.52172 6358
5.52487 6376
5.52802 6394
5.53117 6412
5.5997 6430
5.60286 6447
5.60601 6464
5.60916 6481
5.61231 6498
5.61546 6515
5.61862 6532
5.62177 6549
5.62492 6566
5.69345 6583
5.6966 6600
5.69976 6617
5.70291 6634
5.70606 6651
5.70921 6668
5.71236 6685
5.71552 6702
5.71867 6719
5.78562 6736
5.78877 6753
5.79193 6770
5.79508 6787
5.79823 6804
5.80138 6820
5.80453 6836
5.80769 6852
5.81084 6868
5.87779 6884
5.88094 6900
5.8841 6916
5.88725 6932
5.8904 6948
5.89355 6964
5.8967 6980
5.89986 6996
5.90301 7012
5.90616 7028
5.97154 7044
5.97469 7060
5.97784 7076
5.98099 7092
5.98415 7108
5.9873 7124
5.99045 7140
5.9936 7156
5.99675 7172
5.99991 7188
6.06528 7204
6.06844 7220
6.07159 7236
6.07474 7251
6.07789 7266
6.08104 7281
6.0842 7296
6.08735 7311
6.0905 7326
6.09365 7341
6.15746 7356
6.16061 7371
6.16376 7386
6.16691 7401
6.17006 7416
6.17322 7431
6.17637 7446
6.17952 7461
6.18267 7476
6.18582 7491
6.24963 7506
6.25278 7521
6.25593 7536
6.25908 7551
6.26223 7566
6.26539 7581
6.26854 7596
6.27169 7611
6.27484 7626
6.27799 7641
6.28115 7656
6.34337 7671
6.34652 7686
6.34968 7701
6.35283 7716
6.35598 7730
6.35913 7744
6.36228 7758
6.36544 7772
6.36859 7786
6.37174 7800
6.37489 7814
6.43712 7828
6.44027 7842
6.44342 7856
6.44657 7870
6.44973 7884
6.45288 7898
6.45603 7912
6.45918 7926
6.46233 7940
6.46549 7954
6.46864 7968
6.53086 7982
6.53402 7996
6.53717 8010
6.54032 8024
6.54347 8038
6.54662 8052
6.54978 8066
6.55293 8080
6.55608 8094
6.55923 8108
6.56238 8122
6.62304 8136
6.62619 8150
6.62934 8164
6.63249 8178
6.63564 8192
6.6388 8206
6.64195 8220
6.6451 8234
6.64825 8248
6.6514 8262
6.65456 8275
6.71521 8288
6.71836 8301
6.72151 8314
6.72466 8327
6.72781 8340
6.73097 8353
6.73412 8366
6.73727 8379
6.74042 8392
6.74357 8405
6.74673 8418
6.74988 8431
6.80895 8444
6.8121 8457
6.81526 8470
6.81841 8483
6.82156 8496
6.82471 8509
6.82786 8522
6.83102 8535
6.83417 8548
6.83732 8561
6.84047 8574
6.84362 8587
6.9027 8600
6.90585 8613
6.909 8626
6.91215 8639
6.91531 8652
6.91846 8665
6.92161 8678
6.92476 8691
6.92791 8704
6.93107 8717
6.93422 8730
6.93737 8743
6.99487 8756
6.99802 8769
7.00117 8782
7.00432 8795
7.00748 8808
7.01063 8821
7.01378 8834
7.01693 8847
7.02008 8860
7.02324 8873
7.02639 8886
7.02954 8899
7.08704 8911
7.09019 8923
7.09334 8935
7.0965 8947
7.09965 8959
7.1028 8971
7.10595 8983
7.1091 8995
7.11226 9007
7.11541 9019
7.11856 9031
7.12171 9043
7.12486 9055
7.18079 9067
7.18394 9079
7.18709 9091
7.19024 9103
7.19339 9115
7.19655 9127
7.1997 9139
7.20285 9151
7.206 9163
7.20915 9175
7.21231 9187
7.21546 9199
7.21861 9211
7.27453 9223
7.27768 9235
7.28084 9247
7.28399 9259
7.28714 9271
7.29029 9283
7.29344 9295
7.2966 9307
7.29975 9319
7.3029 9331
7.30605 9343
7.3092 9355
7.31236 9367
7.3667 9379
7.36985 9391
7.37301 9403
7.37616 9415
7.37931 9427
7.38246 9439
7.38561 9451
7.38877 9463
7.39192 9475
7.39507 9487
7.39822 9499
7.40137 9511
7.40453 9523
7.45887 9535
7.46202 9547
7.46518 9559
7.46833 9571
7.47148 9583
7.47463 9595
7.47778 9607
7.48094 9619
7.48409 9631
7.48724 9643
7.49039 9654
7.49354 9665
7.4967 9676
7.49985 9687
7.55262 9698
7.55577 9709
7.55892 9720
7.56208 9731
7.56523 9742
7.56838 9753
7.57153 9764
7.57468 9775
7.57784 9786
7.58099 9797
7.58414 9808
7.58729 9819
7.59044 9830
7.5936 9841
7.64637 9852
7.64952 9863
7.65267 9874
7.65582 9885
7.65897 9896
7.66213 9907
7.66528 9918
7.66843 9929
7.67158 9940
7.67473 9951
7.67789 9962
7.68104 9973
7.68419 9984
7.68734 9995
7.74011 10006
7.74326 10017
7.74642 10028
7.74957 10039
7.75272 10050
7.75587 10061
7.75902 10072
7.76218 10083
7.76533 10094
7.76848 10105
7.77163 10116
7.77478 10127
7.77794 10138
7.78109 10149
7.83228 10160
7.83543 10171
7.83859 10182
7.84174 10193
7.84489 10204
7.84804 10215
7.85119 10226
7.85435 10237
7.8575 10248
7.86065 10259
7.8638 10270
7.86695 10281
7.87011 10292
7.87326 10303
7.92445 10314
7.9276 10325
7.93076 10336
7.93391 10347
7.93706 10358
7.94021 10369
7.94336 10380
7.94652 10391
7.94967 10402
7.95282 10413
7.95597 10424
7.95912 10435
7.96228 10446
7.96543 10457
7.96858 10468
8.0182 10479
8.02135 10490
8.0245 10501
8.02766 10512
8.03081 10522
8.03396 10532
8.03711 10542
8.04026 10552
8.04342 10562
8.04657 10572
8.04972 10582
8.05287 10592
8.05602 10602
8.05918 10612
8.06233 10622
8.11195 10632
8.1151 10642
8.11825 10652
8.1214 10662
8.12455 10672
8.12771 10682
8.13086 10692
8.13401 10702
8.13716 10712
8.14031 10722
8.14347 10732
8.14662 10742
8.14977 10752
8.15292 10762
8.15607 10772
8.20412 10782
8.20727 10792
8.21042 10802
8.21357 10812
8.21672 10822
8.21988 10832
8.22303 10842
8.22618 10852
8.22933 10862
8.23248 10872
8.23564 10882
8.23879 10892
8.24194 10902
8.24509 10912
8.24824 10922
8.29629 10932
8.29944 10942
8.30259 10952
8.30574 10962
8.30889 10972
8.31205 10982
8.3152 10992
8.31835 11002
8.3215 11012
8.32465 11022
8.32781 11032
8.33096 11042
8.33411 11052
8.33726 11062
8.34041 11072
8.34357 11082
8.39003 11092
8.39318 11102
8.39634 11112
8.39949 11122
8.40264 11132
8.40579 11142
8.40894 11152
8.4121 11162
8.41525 11172
8.4184 11182
8.42155 11192
8.4247 11202
8.42786 11212
8.43101 11222
8.43416 11232
8.43731 11242
8.48378 11252
8.48693 11262
8.49008 11272
8.49324 11282
8.49639 11292
8.49954 11302
8.50269 11312
8.50584 11322
8.509 11332
8.51215 11342
8.5153 11352
8.51845 11362
8.5216 11372
8.52476 11382
8.52791 11392
8.53106 11402
8.57595 11412
8.5791 11422
8.58225 11432
8.58541 11442
8.58856 11452
8.59171 11462
8.59486 11472
8.59801 11482
8.60117 11492
8.60432 11502
8.60747 11512
8.61062 11522
8.61377 11532
8.61693 11542
8.62008 11552
8.62323 11562
8.66812 11571
8.67127 11580
8.67442 11589
8.67758 11598
8.68073 11607
8.68388 11616
8.68703 11625
8.69018 11634
8.69334 11643
8.69649 11652
8.69964 11661
8.70279 11670
8.70594 11679
8.7091 11688
8.71225 11697
8.7154 11706
8.71855 11715
8.76187 11724
8.76502 11733
8.76817 11742
8.77132 11751
8.77447 11760
8.77763 11769
8.78078 11778
8.78393 11787
8.78708 11796
8.79023 11805
8.79339 11814
8.79654 11823
8.79969 11832
8.80284 11841
8.80599 11850
8.80915 11859
8.8123 11868
8.85561 11877
8.85876 11886
8.86192 11895
8.86507 11904
8.86822 11913
8.87137 11922
8.87452 11931
8.87768 11940
8.88083 11949
8.88398 11958
8.88713 11967
8.89028 11976
8.89344 11985
8.89659 11994
8.89974 12003
8.90289 12012
8.90604 12021
8.94936 12030
8.95251 12039
8.95566 12048
8.95882 12057
8.96197 12066
8.96512 12075
8.96827 12084
8.97142 12093
8.97458 12102
8.97773 12111
8.98088 12120
8.98403 12129
8.98718 12138
8.99034 12147
8.99349 12156
8.99664 12165
8.99979 12174
9.04153 12183
9.04468 12192
9.04783 12201
9.05099 12210
9.05414 12219
9.05729 12228
9.06044 12237
9.06359 12246
9.06675 12255
9.0699 12264
9.07305 12273
9.0762 12282
9.07935 12291
9.08251 12300
9.08566 12309
9.08881 12318
9.09196 12327
9.1337 12336
9.13685 12345
9.14 12354
9.14316 12363
9.14631 12372
9.14946 12381
9.15261 12390
9.15576 12399
9.15892 12408
9.16207 12417
9.16522 12426
9.16837 12435
9.17152 12444
9.17468 12453
9.17783 12462
9.18098 12471
9.18413 12480
9.18728 12489
9.22745 12498
9.2306 12507
9.23375 12516
9.2369 12525
9.24005 12534
9.24321 12543
9.24636 12552
9.24951 12561
9.25266 12570
9.25581 12579
9.25897 12588
9.26212 12597
9.26527 12606
9.26842 12615
9.27157 12624
9.27473 12633
9.27788 12642
9.28103 12651
9.32119 12660
9.32434 12669
9.3275 12678
9.33065 12687
9.3338 12696
9.33695 12705
9.3401 12714
9.34326 12723
9.34641 12732
9.34956 12741
9.35271 12750
9.35586 12759
9.35902 12768
9.36217 12777
9.36532 12786
9.36847 12795
9.37162 12804
9.37478 12813
9.41336 12822
9.41652 12831
9.41967 12840
9.42282 12849
9.42597 12857
9.42912 12865
9.43228 12873
9.43543 12881
9.43858 12889
9.44173 12897
9.44488 12905
9.44804 12913
9.45119 12921
9.45434 12929
9.45749 12937
9.46064 12945
9.46379 12953
9.46695 12961
9.50553 12969
9.50869 12977
9.51184 12985
9.51499 12993
9.51814 13001
9.52129 13009
9.52445 13017
9.5276 13025
9.53075 13033
9.5339 13041
9.53705 13049
9.54021 13057
9.54336 13065
9.54651 13073
9.54966 13081
9.55281 13089
9.55597 13097
9.55912 13105
9.56227 13113
9.59928 13121
9.60243 13129
9.60558 13137
9.60874 13145
9.61189 13153
9.61504 13161
9.61819 13169
9.62134 13177
9.6245 13185
9.62765 13193
9.6308 13201
9.63395 13209
9.6371 13217
9.64026 13225
9.64341 13233
9.64656 13241
9.64971 13249
9.65286 13257
9.65602 13265
9.69303 13273
9.69618 13281
9.69933 13289
9.70248 13297
9.70563 13305
9.70879 13313
9.71194 13321
9.71509 13329
9.71824 13337
9.72139 13345
9.72455 13353
9.7277 13361
9.73085 13369
9.734 13377
9.73715 13385
9.74031 13393
9.74346 13401
9.74661 13409
9.74976 13417
9.7852 13425
9.78835 13433
9.7915 13441
9.79465 13449
9.7978 13457
9.80096 13465
9.80411 13473
9.80726 13481
9.81041 13489
9.81356 13497
9.81672 13505
9.81987 13513
9.82302 13521
9.82617 13529
9.82932 13537
9.83248 13545
9.83563 13553
9.83878 13561
9.84193 13569
9.87737 13577
9.88052 13585
9.88367 13593
9.88682 13601
9.88998 13609
9.89313 13617
9.89628 13625
9.89943 13633
9.90258 13641
9.90573 13649
9.90889 13657
9.91204 13665
9.91519 13673
9.91834 13681
9.92149 13689
9.92465 13697
9.9278 13705
9.93095 13713
9.9341 13721
9.96954 13729
9.97269 13737
9.97584 13745
9.97899 13753
9.98215 13761
9.9853 13769
9.98845 13777
9.9916 13785
9.99475 13793
9.99791 13801
10.0011 13809
10.0042 13817
10.0074 13825
10.0105 13833
10.0137 13841
10.0168 13849
10.02 13857
10.0231 13865
10.0263 13873
10.0294 13881
10.0633 13889
10.0664 13897
10.0696 13905
10.0727 13913
10.0759 13921
10.079 13929
10.0822 13937
10.0853 13945
10.0885 13953
10.0917 13961
10.0948 13969
10.098 13977
10.1011 13985
10.1043 13993
10.1074 14001
10.1106 14009
10.1137 14017
10.1169 14025
10.12 14033
10.1232 14041
10.157 14049
10.1602 14057
10.1633 14065
10.1665 14073
10.1696 14081
10.1728 14089
10.1759 14097
10.1791 14105
10.1822 14113
10.1854 14121
10.1886 14129
10.1917 14137
10.1949 14145
10.198 14153
10.2012 14161
10.2043 14169
10.2075 14177
10.2106 14185
10.2138 14193
10.2169 14201
10.2492 14209
10.2524 14217
10.2555 14225
10.2587 14233
10.2618 14241
10.265 14249
10.2681 14257
10.2713 14265
10.2744 14273
10.2776 14281
10.2807 14289
10.2839 14297
10.287 14305
10.2902 14313
10.2933 14321
10.2965 14329
10.2996 14337
10.3028 14345
10.3059 14353
10.3091 14361
10.3414 14369
10.3445 14377
10.3477 14385
10.3508 14393
10.354 14401
10.3571 14409
10.3603 14417
10.3634 14425
10.3666 14433
10.3697 14441
10.3729 14449
10.376 14457
10.3792 14464
10.3823 14471
10.3855 14478
10.3887 14485
10.3918 14492
10.395 14499
10.3981 14506
10.4013 14513
10.4044 14520
10.4351 14527
10.4383 14534
10.4414 14541
10.4446 14548
10.4477 14555
10.4509 14562
10.454 14569
10.4572 14576
10.4603 14583
10.4635 14590
10.4666 14597
10.4698 14604
10.4729 14611
10.4761 14618
10.4792 14625
10.4824 14632
10.4855 14639
10.4887 14646
10.4919 14653
10.495 14660
10.4982 14667
10.5289 14674
10.532 14681
10.5352 14688
10.5383 14695
10.5415 14702
10.5446 14709
10.5478 14716
10.5509 14723
10.5541 14730
10.5572 14737
10.5604 14744
10.5635 14751
10.5667 14758
10.5698 14765
10.573 14772
10.5761 14779
10.5793 14786
10.5824 14793
10.5856 14800
10.5888 14807
10.5919 14814
10.621 14821
10.6242 14828
10.6273 14835
10.6305 14842
10.6336 14849
10.6368 14856
10.6399 14863
10.6431 14870
10.6463 14877
10.6494 14884
10.6526 14891
10.6557 14898
10.6589 14905
10.662 14912
10.6652 14919
10.6683 14926
10.6715 14933
10.6746 14940
10.6778 14947
10.6809 14954
10.6841 14961
10.7132 14968
10.7164 14975
10.7195 14982
10.7227 14989
10.7258 14996
10.729 15003
10.7321 15010
10.7353 15017
10.7384 15024
10.7416 15031
10.7447 15038
10.7479 15045
10.751 15052
10.7542 15059
10.7573 15066
10.7605 15073
10.7636 15080
10.7668 15087
10.7699 15094
10.7731 15101
10.7762 15108
10.7794 15115
10.807 15122
10.8101 15129
10.8133 15136
10.8164 15143
10.8196 15150
10.8227 15157
10.8259 15164
10.829 15171
10.8322 15178
10.8353 15185
10.8385 15192
10.8416 15199
10.8448 15206
10.8479 15213
10.8511 15220
10.8542 15227
10.8574 15234
10.8605 15241
10.8637 15248
10.8668 15255
10.87 15262
10.8731 15269
10.9007 15276
10.9038 15283
10.907 15290
10.9102 15297
10.9133 15304
10.9165 15311
10.9196 15318
10.9228 15325
10.9259 15332
10.9291 15339
10.9322 15346
10.9354 15353
10.9385 15360
10.9417 15367
10.9448 15374
10.948 15381
10.9511 15388
10.9543 15395
10.9574 15402
10.9606 15409
10.9637 15416
10.9669 15423
10.9944 15430
10.9976 15437
11.0007 15444
11.0039 15451
11.0071 15458
11.0102 15465
11.0134 15472
11.0165 15479
11.0197 15486
11.0228 15493
11.026 15500
11.0291 15507
11.0323 15514
11.0354 15521
11.0386 15528
11.0417 15535
11.0449 15542
11.048 15549
11.0512 15556
11.0543 15563
11.0575 15570
11.0606 15577
11.0866 15584
11.0898 15591
11.0929 15598
11.0961 15605
11.0992 15612
11.1024 15619
11.1055 15626
11.1087 15633
11.1118 15640
11.115 15647
11.1181 15654
11.1213 15661
11.1244 15668
11.1276 15675
11.1307 15682
11.1339 15689
11.137 15696
11.1402 15703
11.1434 15710
11.1465 15717
11.1497 15724
11.1528 15731
11.1788 15738
11.1819 15745
11.1851 15752
11.1882 15759
11.1914 15766
11.1945 15773
11.1977 15780
11.2008 15787
11.204 15794
11.2072 15801
11.2103 15808
11.2135 15815
11.2166 15822
11.2198 15829
11.2229 15836
11.2261 15843
11.2292 15850
11.2324 15857
11.2355 15864
11.2387 15871
11.2418 15878
11.245 15885
11.2481 15892
11.2725 15899
11.2757 15906
11.2788 15913
11.282 15920
11.2851 15927
11.2883 15934
11.2914 15941
11.2946 15948
11.2977 15955
11.3009 15962
11.3041 15969
11.3072 15976
11.3104 15983
11.3135 15990
11.3167 15997
11.3198 16004
11.323 16011
11.3261 16018
11.3293 16025
11.3324 16032
11.3356 16039
11.3387 16046
11.3419 16053
11.3663 16060
11.3694 16067
11.3726 16074
11.3757 16081
11.3789 16088
11.382 16095
11.3852 16102
11.3883 16109
11.3915 16116
11.3946 16123
11.3978 16130
11.4009 16137
11.4041 16144
11.4073 16151
11.4104 16158
11.4136 16165
11.4167 16172
11.4199 16179
11.423 16186
11.4262 16193
11.4293 16200
11.4325 16207
11.4356 16214
11.4584 16221
11.4616 16228
11.4648 16235
11.4679 16242
11.4711 16249
11.4742 16256
11.4774 16263
11.4805 16270
11.4837 16277
11.4868 16284
11.49 16291
11.4931 16298
11.4963 16305
11.4994 16312
11.5026 16319
11.5057 16326
11.5089 16333
11.512 16340
11.5152 16347
11.5183 16354
11.5215 16361
11.5246 16368
11.5278 16375
11.5506 16382
11.5538 16389
11.5569 16396
11.5601 16403
11.5632 16410
11.5664 16417
11.5695 16424
11.5727 16431
11.5758 16438
11.579 16445
11.5821 16452
11.5853 16459
11.5884 16466
11.5916 16473
11.5947 16480
11.5979 16487
11.6011 16494
11.6042 16501
11.6074 16508
11.6105 16515
11.6137 16521
11.6168 16527
11.62 16533
11.6231 16539
11.6444 16545
11.6475 16551
11.6507 16557
11.6538 16563
11.657 16569
11.6601 16575
11.6633 16581
11.6664 16587
11.6696 16593
11.6727 16599
11.6759 16605
11.679 16611
11.6822 16617
11.6853 16623
11.6885 16629
11.6916 16635
11.6948 16641
11.6979 16647
11.7011 16653
11.7043 16659
11.7074 16665
11.7106 16671
11.7137 16677
11.7169 16683
11.7381 16689
11.7413 16695
11.7444 16701
11.7476 16707
11.7507 16713
11.7539 16719
11.757 16725
11.7602 16731
11.7633 16737
11.7665 16743
11.7696 16749
11.7728 16755
11.7759 16761
11.7791 16767
11.7822 16773
11.7854 16779
11.7885 16785
11.7917 16791
11.7948 16797
11.798 16803
11.8012 16809
11.8043 16815
11.8075 16821
11.8106 16827
11.8303 16833
11.8334 16839
11.8366 16845
11.8397 16851
11.8429 16857
11.846 16863
11.8492 16869
11.8523 16875
11.8555 16881
11.8586 16887
11.8618 16893
11.865 16899
11.8681 16905
11.8713 16911
11.8744 16917
11.8776 16923
11.8807 16929
11.8839 16935
11.887 16941
11.8902 16947
11.8933 16953
11.8965 16959
11.8996 16965
11.9028 16971
11.9225 16977
11.9256 16983
11.9288 16989
11.9319 16995
11.9351 17001
11.9382 17007
11.9414 17013
11.9445 17019
11.9477 17025
11.9508 17031
11.954 17037
11.9571 17043
11.9603 17049
11.9634 17055
11.9666 17061
11.9697 17067
11.9729 17073
11.976 17079
11.9792 17085
11.9823 17091
11.9855 17097
11.9886 17103
11.9918 17109
11.9949 17115
12.0146 17121
12.0178 17127
12.0209 17133
12.0241 17139
12.0272 17145
12.0304 17151
12.0335 17157
12.0367 17163
12.0398 17169
12.043 17175
12.0461 17181
12.0493 17187
12.0524 17193
12.0556 17199
12.0588 17205
12.0619 17211
12.0651 17217
12.0682 17223
12.0714 17229
12.0745 17235
12.0777 17241
12.0808 17247
12.084 17253
12.0871 17259
12.0903 17265
12.1084 17271
12.1115 17277
12.1147 17283
12.1178 17289
12.121 17295
12.1241 17301
12.1273 17307
12.1304 17313
12.1336 17319
12.1367 17325
12.1399 17331
12.143 17337
12.1462 17343
12.1493 17349
12.1525 17355
12.1556 17361
12.1588 17367
12.162 17373
12.1651 17379
12.1683 17385
12.1714 17391
12.1746 17397
12.1777 17403
12.1809 17409
12.184 17415
12.2021 17421
12.2053 17427
12.2084 17433
12.2116 17439
12.2147 17445
12.2179 17451
12.221 17457
12.2242 17463
12.2273 17469
12.2305 17475
12.2336 17481
12.2368 17487
12.2399 17493
12.2431 17499
12.2462 17505
12.2494 17511
12.2525 17517
12.2557 17523
12.2589 17529
12.262 17535
12.2652 17541
12.2683 17547
12.2715 17553
12.2746 17559
12.2778 17565
12.2943 17571
12.2974 17577
12.3006 17583
12.3037 17589
12.3069 17595
12.31 17601
12.3132 17607
12.3163 17613
12.3195 17619
12.3227 17625
12.3258 17631
12.329 17637
12.3321 17643
12.3353 17649
12.3384 17655
12.3416 17661
12.3447 17667
12.3479 17673
12.351 17679
12.3542 17685
12.3573 17691
12.3605 17697
12.3636 17703
12.3668 17709
12.3699 17715
12.3865 17721
12.3896 17727
12.3928 17733
12.3959 17739
12.3991 17745
12.4022 17751
12.4054 17757
12.4085 17763
12.4117 17769
12.4148 17775
12.418 17781
12.4211 17787
12.4243 17793
12.4274 17799
12.4306 17805
12.4337 17811
12.4369 17817
12.44 17823
12.4432 17829
12.4463 17835
12.4495 17841
12.4526 17847
12.4558 17853
12.459 17859
12.4621 17865
12.4653 17871
12.4802 17877
12.4834 17883
12.4865 17889
12.4897 17895
12.4928 17901
12.496 17907
12.4991 17913
12.5023 17919
12.5054 17925
12.5086 17931
12.5117 17937
12.5149 17943
12.518 17949
12.5212 17955
12.5243 17961
12.5275 17967
12.5306 17973
12.5338 17979
12.5369 17985
12.5401 17991
12.5432 17997
12.5464 18003
12.5495 18009
12.5527 18015
12.5559 18021
12.559 18027
12.5739 18033
12.5771 18039
12.5803 18045
12.5834 18051
12.5866 18057
12.5897 18063
12.5929 18069
12.596 18075
12.5992 18081
12.6023 18087
12.6055 18093
12.6086 18099
12.6118 18105
12.6149 18111
12.6181 18117
12.6212 18123
12.6244 18129
12.6275 18135
12.6307 18141
12.6338 18147
12.637 18153
12.6401 18159
12.6433 18165
12.6464 18171
12.6496 18177
12.6527 18183
12.6661 18189
12.6693 18195
12.6724 18201
12.6756 18207
12.6787 18213
12.6819 18219
12.685 18225
12.6882 18231
12.6913 18237
12.6945 18243
12.6976 18249
12.7008 18255
12.7039 18261
12.7071 18267
12.7102 18273
12.7134 18279
12.7166 18285
12.7197 18291
12.7229 18297
12.726 18303
12.7292 18309
12.7323 18315
12.7355 18321
12.7386 18327
12.7418 18333
12.7449 18339
12.7583 18345
12.7614 18351
12.7646 18357
12.7677 18363
12.7709 18369
12.774 18375
12.7772 18381
12.7804 18387
12.7835 18393
12.7867 18399
12.7898 18405
12.793 18411
12.7961 18417
12.7993 18423
12.8024 18429
12.8056 18435
12.8087 18441
12.8119 18447
12.815 18453
12.8182 18459
12.8213 18465
12.8245 18471
12.8276 18477
12.8308 18483
12.8339 18489
12.8371 18495
12.8505 18501
12.8536 18507
12.8568 18513
12.8599 18519
12.8631 18525
12.8662 18531
12.8694 18537
12.8725 18543
12.8757 18549
12.8788 18555
12.882 18561
12.8851 18567
12.8883 18573
12.8914 18579
12.8946 18585
12.8977 18591
12.9009 18597
12.904 18603
12.9072 18609
12.9103 18615
12.9135 18621
12.9167 18627
12.9198 18633
12.923 18639
12.9261 18645
12.9293 18651
12.9324 18657
12.9442 18663
12.9474 18669
12.9505 18675
12.9537 18681
12.9568 18687
12.96 18693
12.9631 18699
12.9663 18705
12.9694 18711
12.9726 18717
12.9757 18723
12.9789 18729
12.982 18735
12.9852 18741
12.9883 18747
12.9915 18753
12.9946 18759
12.9978 18765
13.0009 18771
13.0041 18777
13.0072 18783
13.0104 18789
13.0136 18795
13.0167 18801
13.0199 18807
13.023 18813
13.0262 18819
13.038 18825
13.0411 18831
13.0443 18837
13.0474 18843
13.0506 18849
13.0537 18855
13.0569 18861
13.06 18867
13.0632 18873
13.0663 18879
13.0695 18885
13.0726 18891
13.0758 18897
13.0789 18903
13.0821 18909
13.0852 18915
13.0884 18921
13.0915 18927
13.0947 18933
13.0978 18939
13.101 18945
13.1041 18951
13.1073 18957
13.1104 18963
13.1136 18969
13.1168 18975
13.1199 18981
13.1301 18987
13.1333 18993
13.1364 18999
13.1396 19005
13.1427 19011
13.1459 19017
13.149 19023
13.1522 19029
13.1553 19035
13.1585 19041
13.1616 19047
13.1648 19053
13.1679 19059
13.1711 19065
13.1743 19071
13.1774 19077
13.1806 19083
13.1837 19089
13.1869 19095
13.19 19101
13.1932 19107
13.1963 19113
13.1995 19119
13.2026 19125
13.2058 19131
13.2089 19137
13.2121 19143
13.2223 19149
13.2254 19155
13.2286 19161
13.2317 19167
13.2349 19173
13.2381 19179
13.2412 19185
13.2444 19191
13.2475 19197
13.2507 19203
13.2538 19209
13.257 19215
13.2601 19221
13.2633 19227
13.2664 19233
13.2696 19239
13.2727 19245
13.2759 19251
13.279 19257
13.2822 19263
13.2853 19269
13.2885 19274
13.2916 19279
13.2948 19284
13.2979 19289
13.3011 19294
13.3042 19299
13.3074 19304
13.316 19309
13.3192 19314
13.3223 19319
13.3255 19324
13.3286 19329
13.3318 19334
13.335 19339
13.3381 19344
13.3413 19349
13.3444 19354
13.3476 19359
13.3507 19364
13.3539 19369
13.357 19374
13.3602 19379
13.3633 19384
13.3665 19389
13.3696 19394
13.3728 19399
13.3759 19404
13.3791 19409
13.3822 19414
13.3854 19419
13.3885 19424
13.3917 19429
13.3948 19434
13.398 19439
13.4011 19444
13.4098 19449
13.4129 19454
13.4161 19459
13.4192 19464
13.4224 19469
13.4255 19474
13.4287 19479
13.4319 19484
13.435 19489
13.4382 19494
13.4413 19499
13.4445 19504
13.4476 19509
13.4508 19514
13.4539 19519
13.4571 19524
13.4602 19529
13.4634 19534
13.4665 19539
13.4697 19544
13.4728 19549
13.476 19554
13.4791 19559
13.4823 19564
13.4854 19569
13.4886 19574
13.4917 19579
13.4949 19584
13.502 19589
13.5051 19594
13.5083 19599
13.5114 19604
13.5146 19609
13.5177 19614
13.5209 19619
13.524 19624
13.5272 19629
13.5303 19634
13.5335 19639
13.5366 19644
13.5398 19649
13.5429 19654
13.5461 19659
13.5492 19664
13.5524 19669
13.5555 19674
13.5587 19679
13.5618 19684
13.565 19689
13.5681 19694
13.5713 19699
13.5745 19704
13.5776 19709
13.5808 19714
13.5839 19719
13.5871 19724
13.5941 19729
13.5973 19734
13.6004 19739
13.6036 19744
13.6067 19749
13.6099 19754
13.613 19759
13.6162 19764
13.6193 19769
13.6225 19774
13.6256 19779
13.6288 19784
13.632 19789
13.6351 19794
13.6383 19799
13.6414 19804
13.6446 19809
13.6477 19814
13.6509 19819
13.654 19824
13.6572 19829
13.6603 19834
13.6635 19839
13.6666 19844
13.6698 19849
13.6729 19854
13.6761 19859
13.6792 19864
13.6824 19869
13.6879 19874
13.691 19879
13.6942 19884
13.6973 19889
13.7005 19894
13.7036 19899
13.7068 19904
13.7099 19909
13.7131 19914
13.7162 19919
13.7194 19924
13.7225 19929
13.7257 19934
13.7288 19939
13.732 19944
13.7352 19949
13.7383 19954
13.7415 19959
13.7446 19964
13.7478 19969
13.7509 19974
13.7541 19979
13.7572 19984
13.7604 19989
13.7635 19994
13.7667 19999
13.7698 20004
13.773 20009
13.7761 20014
13.7816 20019
13.7848 20024
13.7879 20029
13.7911 20034
13.7942 20039
13.7974 20044
13.8005 20049
13.8037 20054
13.8068 20059
13.81 20064
13.8131 20069
13.8163 20074
13.8194 20079
13.8226 20084
13.8257 20089
13.8289 20094
13.8321 20099
13.8352 20104
13.8384 20109
13.8415 20114
13.8447 20119
13.8478 20124
13.851 20129
13.8541 20134
13.8573 20139
13.8604 20144
13.8636 20149
13.8667 20154
13.8699 20159
13.8754 20164
13.8785 20169
13.8817 20174
13.8848 20179
13.888 20184
13.8911 20189
13.8943 20194
13.8974 20199
13.9006 20204
13.9037 20209
13.9069 20214
13.91 20219
13.9132 20224
13.9163 20229
13.9195 20234
13.9226 20239
13.9258 20244
13.929 20249
13.9321 20254
13.9353 20259
13.9384 20264
13.9416 20269
13.9447 20274
13.9479 20279
13.951 20284
13.9542 20289
13.9573 20294
13.9605 20299
13.9636 20304
13.9675 20309
13.9707 20314
13.9738 20319
13.977 20324
13.9801 20329
13.9833 20334
13.9864 20339
13.9896 20344
13.9928 20349
13.9959 20354
13.9991 20359
14.0022 20364
14.0054 20369
14.0085 20374
14.0117 20379
14.0148 20384
14.018 20389
14.0211 20394
14.0243 20399
14.0274 20404
14.0306 20409
14.0337 20414
14.0369 20419
14.04 20424
14.0432 20429
14.0463 20434
14.0495 20439
14.0526 20444
14.0558 20449
14.0597 20454
14.0629 20459
14.066 20464
14.0692 20469
14.0723 20474
14.0755 20479
14.0786 20484
14.0818 20489
14.0849 20494
14.0881 20499
14.0912 20504
14.0944 20509
14.0975 20514
14.1007 20519
14.1038 20524
14.107 20529
14.1101 20534
14.1133 20539
14.1164 20544
14.1196 20549
14.1227 20554
14.1259 20559
14.1291 20564
14.1322 20569
14.1354 20574
14.1385 20579
14.1417 20584
14.1448 20589
14.148 20594
14.1511 20599
14.1543 20604
14.1574 20609
14.1606 20614
14.1637 20619
14.1669 20624
14.17 20629
14.1732 20634
14.1763 20639
14.1795 20644
14.1826 20649
14.1858 20654
14.1889 20659
14.1921 20664
14.1952 20669
14.1984 20674
14.2015 20679
14.2047 20684
14.2079 20689
14.211 20694
14.2142 20699
14.2173 20704
14.2205 20709
14.2236 20714
14.2268 20719
14.2299 20724
14.2331 20729
14.2362 20734
14.2394 20739
14.2425 20744
14.2457 20749
14.2488 20754
14.252 20759
14.2551 20764
14.2583 20769
14.2614 20774
14.2646 20779
14.2677 20784
14.2709 20789
14.274 20794
14.2772 20799
14.2803 20804
14.2835 20809
14.2867 20814
14.2898 20819
14.293 20824
14.2961 20829
14.2993 20834
14.3024 20839
14.3056 20844
14.3087 20849
14.3119 20854
14.315 20859
14.3182 20864
14.3213 20869
14.3245 20874
14.3276 20879
14.3308 20884
14.3339 20889
14.3371 20894
14.3402 20899
14.3434 20904
14.3465 20909
14.3497 20914
14.3528 20919
14.356 20924
14.3591 20929
14.3623 20934
14.3655 20939
14.3686 20944
14.3718 20949
14.3749 20954
14.3781 20959
14.3812 20964
14.3844 20969
14.3875 20974
14.3907 20979
14.3938 20984
14.397 20989
14.4001 20994
14.4033 20999
14.4064 21004
14.4096 21009
14.4127 21014
14.4159 21019
14.419 21024
14.4222 21029
14.4253 21034
14.4285 21039
14.4316 21044
14.4348 21049
14.4379 21054
14.4411 21059
14.4443 21064
14.4474 21069
14.4506 21074
14.4537 21079
14.4569 21084
14.46 21089
14.4632 21094
14.4663 21099
14.4695 21104
14.4726 21109
14.4758 21114
14.4789 21119
14.4821 21124
14.4852 21129
14.4884 21134
14.4915 21139
14.4947 21144
14.4978 21149
14.501 21154
14.5041 21159
14.5073 21164
14.5104 21169
14.5136 21174
14.5167 21179
14.5199 21184
14.5231 21189
14.5262 21194
14.5294 21199
14.5325 21204
14.5357 21209
14.5388 21214
14.542 21219
14.5451 21224
14.5483 21229
14.5514 21234
14.5546 21239
14.5577 21244
14.5609 21249
14.564 21254
14.5672 21259
14.5703 21264
14.5735 21269
14.5766 21274
14.5798 21279
14.5829 21284
14.5861 21289
14.5892 21294
14.5924 21299
14.5955 21304
14.5987 21309
14.6019 21314
14.605 21319
14.6082 21324
14.6113 21329
14.6145 21334
14.6176 21339
14.6208 21344
14.6239 21349
14.6271 21354
14.6302 21359
14.6334 21364
14.6365 21369
14.6397 21374
14.6428 21379
14.646 21384
14.6491 21389
14.6523 21394
14.6554 21399
14.6586 21404
14.6617 21409
14.6649 21414
14.668 21419
14.6712 21424
14.6743 21429
14.6775 21434
14.6807 21439
14.6838 21444
14.687 21449
14.6901 21454
14.6933 21459
14.6964 21464
14.6996 21469
14.7027 21474
14.7059 21479
14.709 21484
14.7122 21489
14.7153 21494
14.7185 21499
14.7216 21504
14.7248 21509
14.7279 21514
14.7311 21519
14.7342 21524
14.7374 21529
14.7405 21534
14.7437 21539
14.7468 21544
14.75 21549
14.7531 21554
14.7563 21559
14.7595 21564
14.7626 21569
14.7658 21574
14.7689 21579
14.7721 21584
14.7752 21589
14.7784 21594
14.7815 21599
14.7847 21604
14.7878 21609
14.791 21614
14.7941 21619
14.7973 21624
14.8004 21629
14.8036 21634
14.8067 21639
14.8099 21644
14.813 21649
14.8162 21654
14.8193 21659
14.8225 21664
14.8256 21669
14.8288 21674
14.8319 21679
14.8351 21684
14.8383 21689
14.8414 21694
14.8446 21699
14.8477 21704
14.8509 21709
14.854 21714
14.8572 21719
14.8603 21724
14.8635 21729
14.8666 21734
14.8698 21739
14.8729 21744
14.8761 21749
14.8792 21754
14.8824 21759
14.8855 21764
14.8887 21769
14.8918 21774
14.895 21779
14.8981 21784
14.9013 21789
14.9044 21794
14.9076 21799
14.9107 21804
14.9139 21809
14.9171 21814
14.9202 21819
14.9234 21824
14.9265 21829
14.9297 21834
14.9328 21839
14.936 21844
14.9391 21849
14.9423 21854
14.9454 21859
14.9486 21864
14.9517 21869
14.9549 21874
14.958 21879
14.9612 21884
14.9643 21889
14.9675 21894
14.9706 21899
14.9738 21904
14.9769 21909
14.9801 21914
14.9832 21919
14.9864 21924
14.9895 21929
14.9927 21934
14.9959 21939
14.999 21944
15.0022 21949
15.0053 21954
15.0085 21959
15.0116 21964
15.0148 21969
15.0179 21974
15.0211 21979
15.0242 21984
15.0274 21989
15.0305 21994
15.0337 21999
15.0368 22004
15.04 22009
15.0431 22014
15.0463 22019
15.0494 22024
15.0526 22029
15.0557 22034
15.0589 22039
15.062 22044
15.0652 22049
15.0683 22054
15.0715 22059
15.0747 22064
15.0778 22069
15.081 22074
15.0841 22079
15.0873 22084
15.0904 22089
15.0936 22094
15.0967 22099
15.0999 22104
15.103 22109
15.1062 22114
15.1093 22119
15.1125 22124
15.1156 22129
15.1188 22134
15.1219 22139
15.1251 22144
15.1282 22149
15.1314 22154
15.1345 22159
15.1377 22164
15.1408 22169
15.144 22174
15.1471 22179
15.1503 22184
15.1535 22189
15.1566 22194
15.1598 22199
15.1629 22204
15.1661 22209
15.1692 22214
15.1724 22219
15.1755 22224
15.1787 22229
15.1818 22234
15.185 22239
15.1881 22244
15.1913 22249
15.1944 22254
15.1976 22259
15.2007 22264
15.2039 22269
15.207 22274
15.2102 22279
15.2133 22284
15.2165 22289
15.2196 22294
15.2228 22299
15.2259 22304
15.2291 22309
15.2323 22314
15.2354 22319
15.2386 22324
15.2417 22329
15.2449 22334
15.248 22339
15.2512 22344
15.2543 22349
15.2575 22354
15.2606 22359
15.2638 22364
15.2669 22369
15.2701 22374
15.2732 22379
15.2764 22384
15.2795 22389
15.2827 22394
15.2858 22399
15.289 22404
15.2921 22409
15.2953 22414
15.2984 22419
15.3016 22424
15.3047 22429
15.3079 22434
15.3111 22439
15.3142 22444
15.3174 22449
15.3205 22454
15.3237 22459
15.3268 22464
15.33 22469
15.3331 22474
15.3363 22479
15.3394 22484
15.3426 22489
15.3457 22494
15.3489 22499
15.352 22504
15.3552 22509
15.3583 22514
15.3615 22519
15.3646 22524
15.3678 22529
15.3709 22534
15.3741 22539
15.3772 22544
15.3804 22549
15.3835 22554
15.3867 22559
15.3899 22564
15.393 22569
15.3962 22574
15.3993 22579
15.4025 22584
15.4056 22589
15.4088 22594
15.4119 22599
15.4151 22604
15.4182 22609
15.4214 22614
15.4245 22619
15.4277 22624
15.4308 22629
15.434 22634
15.4371 22639
15.4403 22644
15.4434 22649
15.4466 22654
15.4497 22659
15.4529 22664
15.456 22669
15.4592 22674
15.4623 22679
15.4655 22684
15.4687 22689
15.4718 22694
15.475 22699
15.4781 22704
15.4813 22709
15.4844 22714
15.4876 22719
15.4907 22724
15.4939 22729
15.497 22734
15.5002 22739
15.5033 22744
15.5065 22749
15.5096 22754
15.5128 22759
15.5159 22764
15.5191 22769
15.5222 22774
15.5254 22779
15.5285 22784
15.5317 22789
15.5348 22794
15.538 22799
15.5411 22804
15.5443 22809
15.5474 22814
15.5506 22819
15.5538 22824
15.5569 22829
15.5601 22834
15.5632 22839
15.5664 22844
15.5695 22849
15.5727 22854
15.5758 22859
15.579 22864
15.5821 22869
15.5853 22874
15.5884 22879
15.5916 22884
15.5947 22889
15.5979 22894
15.601 22899
15.6042 22904
15.6073 22909
15.6105 22914
15.6136 22919
15.6168 22924
15.6199 22929
15.6231 22934
15.6262 22939
15.6294 22944
15.6326 22949
15.6357 22954
15.6389 22959
15.642 22964
15.6452 22969
15.6483 22974
15.6515 22979
15.6546 22984
15.6578 22989
15.6609 22994
15.6641 22999
15.6672 23004
15.6704 23009
15.6735 23014
15.6767 23019
15.6798 23024
15.683 23029
15.6861 23034
15.6893 23039
15.6924 23044
15.6956 23049
15.6987 23054
15.7019 23059
15.705 23064
15.7082 23069
15.7114 23074
15.7145 23079
15.7177 23084
15.7208 23089
15.724 23094
15.7271 23099
15.7303 23104
15.7334 23109
15.7366 23114
15.7397 23119
15.7429 23124
15.746 23128
15.7492 23132
15.7523 23136
15.7555 23140
15.7586 23144
15.7618 23148
15.7649 23152
15.7681 23156
15.7712 23160
15.7744 23164
15.7775 23168
15.7807 23172
15.7838 23176
15.787 23180
15.7902 23184
15.7933 23188
15.7965 23192
15.7996 23196
15.8028 23200
15.8059 23204
15.8091 23208
15.8122 23212
15.8154 23216
15.8185 23220
15.8217 23224
15.8248 23228
15.828 23232
15.8311 23236
15.8343 23240
15.8374 23244
15.8406 23248
15.8437 23252
15.8469 23256
15.85 23260
15.8532 23264
15.8563 23268
15.8595 23272
15.8626 23276
15.8658 23280
15.869 23284
15.8721 23288
15.8753 23292
15.8784 23296
15.8816 23300
15.8847 23304
15.8879 23308
15.891 23312
15.8942 23316
15.8973 23320
15.9005 23324
15.9036 23328
15.9068 23332
15.9099 23336
15.9131 23340
15.9162 23344
15.9194 23348
15.9225 23352
15.9257 23356
15.9288 23360
15.932 23364
15.9351 23368
15.9383 23372
15.9414 23376
15.9446 23380
15.9478 23384
15.9509 23388
15.9541 23392
15.9572 23396
15.9604 23400
15.9635 23404
15.9667 23408
15.9698 23412
15.973 23416
15.9761 23420
15.9793 23424
15.9824 23428
15.9856 23432
15.9887 23436
15.9919 23440
15.995 23444
15.9982 23448
16.0013 23452
16.0045 23456
16.0076 23460
16.0108 23464
16.0139 23468
16.0171 23472
16.0202 23476
16.0234 23480
16.0266 23484
16.0297 23488
16.0329 23492
16.036 23496
16.0392 23500
16.0423 23504
16.0455 23508
16.0486 23512
16.0518 23516
16.0549 23520
16.0581 23524
16.0612 23528
16.0644 23532
16.0675 23536
16.0707 23540
16.0738 23544
16.077 23548
16.0801 23552
16.0833 23556
16.0864 23560
16.0896 23564
16.0927 23568
16.0959 23572
16.099 23576
16.1022 23580
16.1054 23584
16.1085 23588
16.1117 23592
16.1148 23596
16.118 23600
16.1211 23604
16.1243 23608
16.1274 23612
16.1306 23616
16.1337 23620
16.1369 23624
16.14 23628
16.1432 23632
16.1463 23636
16.1495 23640
16.1526 23644
16.1558 23648
16.1589 23652
16.1621 23656
16.1652 23660
16.1684 23664
16.1715 23668
16.1747 23672
16.1778 23676
16.181 23680
16.1842 23684
16.1873 23688
16.1905 23692
16.1936 23696
16.1968 23700
16.1999 23704
16.2031 23708
16.2062 23712
16.2094 23716
16.2125 23720
16.2157 23724
16.2188 23728
16.222 23732
16.2251 23736
16.2283 23740
16.2314 23744
16.2346 23748
16.2377 23752
16.2409 23756
16.244 23760
16.2472 23764
16.2503 23768
16.2535 23772
16.2566 23776
16.2598 23780
16.263 23784
16.2661 23788
16.2693 23792
16.2724 23796
16.2756 23800
16.2787 23804
16.2819 23808
16.285 23812
16.2882 23816
16.2913 23820
16.2945 23824
16.2976 23828
16.3008 23832
16.3039 23836
16.3071 23840
16.3102 23844
16.3134 23848
16.3165 23852
16.3197 23856
16.3228 23860
16.326 23864
16.3291 23868
16.3323 23872
16.3354 23876
16.3386 23880
16.3418 23884
16.3449 23888
16.3481 23892
16.3512 23896
16.3544 23900
16.3575 23904
16.3607 23908
16.3638 23912
16.367 23916
16.3701 23920
16.3733 23924
16.3764 23928
16.3796 23932
16.3827 23936
16.3859 23940
16.389 23944
16.3922 23948
16.3953 23952
16.3985 23956
16.4016 23960
16.4048 23964
16.4079 23968
16.4111 23972
16.4142 23976
16.4174 23980
16.4206 23984
16.4237 23988
16.4269 23992
16.43 23996
16.4332 24000
16.4363 24004
16.4395 24008
16.4426 24012
16.4458 24016
16.4489 24020
16.4521 24024
16.4552 24028
16.4584 24032
16.4615 24036
16.4647 24040
16.4678 24044
16.471 24048
16.4741 24052
16.4773 24056
16.4804 24060
16.4836 24064
16.4867 24068
16.4899 24072
16.493 24076
16.4962 24080
16.4994 24084
16.5025 24088
16.5057 24092
16.5088 24096
16.512 24100
16.5151 24104
16.5183 24108
16.5214 24112
16.5246 24116
16.5277 24120
16.5309 24124
16.534 24128
16.5372 24132
16.5403 24136
16.5435 24140
16.5466 24144
16.5498 24148
16.5529 24152
16.5561 24156
16.5592 24160
16.5624 24164
16.5655 24168
16.5687 24172
16.5718 24176
16.575 24180
16.5782 24184
16.5813 24188
16.5845 24192
16.5876 24196
16.5908 24200
16.5939 24204
16.5971 24208
16.6002 24212
16.6034 24216
16.6065 24220
16.6097 24224
16.6128 24228
16.616 24232
16.6191 24236
16.6223 24240
16.6254 24244
16.6286 24248
16.6317 24252
16.6349 24256
16.638 24260
16.6412 24264
16.6443 24268
16.6475 24272
16.6506 24276
16.6538 24280
16.657 24284
16.6601 24288
16.6633 24292
16.6664 24296
16.6696 24300
16.6727 24304
16.6759 24308
16.679 24312
16.6822 24316
16.6853 24320
16.6885 24324
16.6916 24328
16.6948 24332
16.6979 24336
16.7011 24340
16.7042 24344
16.7074 24348
16.7105 24352
16.7137 24356
16.7168 24360
16.72 24364
16.7231 24368
16.7263 24372
16.7294 24376
16.7326 24380
16.7358 24384
16.7389 24388
16.7421 24392
16.7452 24396
16.7484 24400
16.7515 24404
16.7547 24408
16.7578 24412
16.761 24416
16.7641 24420
16.7673 24424
16.7704 24428
16.7736 24432
16.7767 24436
16.7799 24440
16.783 24444
16.7862 24448
16.7893 24452
16.7925 24456
16.7956 24460
16.7988 24464
16.8019 24468
16.8051 24472
16.8082 24476
16.8114 24480
16.8146 24484
16.8177 24488
16.8209 24492
16.824 24496
16.8272 24500
16.8303 24504
16.8335 24508
16.8366 24512
16.8398 24516
16.8429 24520
16.8461 24524
16.8492 24528
16.8524 24532
16.8555 24536
16.8587 24540
16.8618 24544
16.865 24548
16.8681 24552
16.8713 24556
16.8744 24560
16.8776 24564
16.8807 24568
16.8839 24572
16.887 24576
16.8902 24580
16.8934 24584
16.8965 24588
16.8997 24592
16.9028 24596
16.906 24600
16.9091 24604
16.9123 24608
16.9154 24612
16.9186 24616
16.9217 24620
16.9249 24624
16.928 24628
16.9312 24632
16.9343 24636
16.9375 24640
16.9406 24644
16.9438 24648
16.9469 24652
16.9501 24656
16.9532 24660
16.9564 24664
16.9595 24668
16.9627 24672
16.9658 24676
16.969 24680
16.9722 24684
16.9753 24688
16.9785 24692
16.9816 24696
16.9848 24700
16.9879 24704
16.9911 24708
16.9942 24712
16.9974 24716
17.0005 24720
17.0037 24724
17.0068 24728
17.01 24732
17.0131 24736
17.0163 24740
17.0194 24744
17.0226 24748
17.0257 24752
17.0289 24756
17.032 24760
17.0352 24764
17.0383 24768
17.0415 24772
17.0446 24776
17.0478 24780
17.051 24784
17.0541 24788
17.0573 24792
17.0604 24796
17.0636 24800
17.0667 24804
17.0699 24808
17.073 24812
17.0762 24816
17.0793 24820
17.0825 24824
17.0856 24828
17.0888 24832
17.0919 24836
17.0951 24840
17.0982 24844
17.1014 24848
17.1045 24852
17.1077 24856
17.1108 24860
17.114 24864
17.1171 24868
17.1203 24872
17.1234 24876
17.1266 24880
17.1298 24884
17.1329 24888
17.1361 24892
17.1392 24896
17.1424 24900
17.1455 24904
17.1487 24908
17.1518 24912
17.155 24916
17.1581 24920
17.1613 24924
17.1644 24928
17.1676 24932
17.1707 24936
17.1739 24940
17.177 24944
17.1802 24948
17.1833 24952
17.1865 24956
17.1896 24960
17.1928 24964
17.1959 24968
17.1991 24972
17.2022 24976
17.2054 24980
17.2086 24984
17.2117 24988
17.2149 24992
17.218 24996
17.2212 25000
17.2243 25004
17.2275 25008
17.2306 25012
17.2338 25016
17.2369 25020
17.2401 25024
17.2432 25028
17.2464 25032
17.2495 25036
17.2527 25040
17.2558 25044
17.259 25048
17.2621 25052
17.2653 25056
17.2684 25060
17.2716 25064
17.2747 25068
17.2779 25072
17.281 25076
17.2842 25080
17.2874 25084
17.2905 25088
17.2937 25092
17.2968 25096
17.3 25100
17.3031 25104
17.3063 25108
17.3094 25112
17.3126 25116
17.3157 25120
17.3189 25124
17.322 25128
17.3252 25132
17.3283 25136
17.3315 25140
17.3346 25144
17.3378 25148
17.3409 25152
17.3441 25156
17.3472 25160
17.3504 25164
17.3535 25168
17.3567 25172
17.3598 25176
17.363 25180
17.3662 25184
17.3693 25188
17.3725 25192
17.3756 25196
17.3788 25200
17.3819 25204
17.3851 25208
17.3882 25212
17.3914 25216
17.3945 25220
17.3977 25224
17.4008 25228
17.404 25232
17.4071 25236
17.4103 25240
17.4134 25244
17.4166 25248
17.4197 25252
17.4229 25256
17.426 25260
17.4292 25264
17.4323 25268
17.4355 25272
17.4386 25276
17.4418 25280
17.445 25284
17.4481 25288
17.4513 25292
17.4544 25296
17.4576 25300
17.4607 25304
17.4639 25308
17.467 25312
17.4702 25316
17.4733 25320
17.4765 25324
17.4796 25328
17.4828 25332
17.4859 25336
17.4891 25340
17.4922 25344
17.4954 25348
17.4985 25352
17.5017 25356
17.5048 25360
17.508 25364
17.5111 25368
17.5143 25372
17.5174 25376
17.5206 25380
17.5238 25384
17.5269 25388
17.5301 25392
17.5332 25396
17.5364 25400
17.5395 25404
17.5427 25408
17.5458 25412
17.549 25416
17.5521 25420
17.5553 25424
17.5584 25428
17.5616 25432
17.5647 25436
17.5679 25440
17.571 25444
17.5742 25448
17.5773 25452
17.5805 25456
17.5836 25460
17.5868 25464
17.5899 25468
17.5931 25472
17.5962 25476
17.5994 25480
17.6026 25484
17.6057 25488
17.6089 25492
17.612 25496
17.6152 25500
17.6183 25504
17.6215 25508
17.6246 25512
17.6278 25516
17.6309 25520
17.6341 25524
17.6372 25528
17.6404 25532
17.6435 25536
17.6467 25540
17.6498 25544
17.653 25548
17.6561 25552
17.6593 25556
17.6624 25560
17.6656 25564
17.6687 25568
17.6719 25572
17.675 25576
17.6782 25580
17.6814 25584
17.6845 25588
17.6877 25592
17.6908 25596
17.694 25600
17.6971 25604
17.7003 25608
17.7034 25612
17.7066 25616
17.7097 25620
17.7129 25624
17.716 25628
17.7192 25632
17.7223 25636
17.7255 25640
17.7286 25644
17.7318 25648
17.7349 25652
17.7381 25656
17.7412 25660
17.7444 25664
17.7475 25668
17.7507 25672
17.7538 25676
17.757 25680
17.7602 25684
17.7633 25688
17.7665 25692
17.7696 25696
17.7728 25700
17.7759 25704
17.7791 25708
17.7822 25712
17.7854 25716
17.7885 25720
17.7917 25724
17.7948 25728
17.798 25732
17.8011 25736
17.8043 25740
17.8074 25744
17.8106 25748
17.8137 25752
17.8169 25756
17.82 25760
17.8232 25764
17.8263 25768
17.8295 25772
17.8326 25776
17.8358 25780
17.839 25784
17.8421 25788
17.8453 25792
17.8484 25796
17.8516 25800
17.8547 25804
17.8579 25808
17.861 25812
17.8642 25816
17.8673 25820
17.8705 25824
17.8736 25828
17.8768 25832
17.8799 25836
17.8831 25840
17.8862 25844
17.8894 25848
17.8925 25852
17.8957 25856
17.8988 25860
17.902 25864
17.9051 25868
17.9083 25872
17.9114 25876
17.9146 25880
17.9178 25884
17.9209 25888
17.9241 25892
17.9272 25896
17.9304 25900
17.9335 25904
17.9367 25908
17.9398 25912
17.943 25916
17.9461 25920
17.9493 25924
17.9524 25928
17.9556 25932
17.9587 25936
17.9619 25940
17.965 25944
17.9682 25948
17.9713 25952
17.9745 25956
17.9776 25960
17.9808 25964
17.9839 25968
17.9871 25972
17.9902 25976
17.9934 25980
17.9966 25984
17.9997 25988
18.0029 25992
18.006 25996
18.0092 26000
18.0123 26004
18.0155 26008
18.0186 26012
18.0218 26016
18.0249 26020
18.0281 26024
18.0312 26028
18.0344 26032
18.0375 26036
18.0407 26040
18.0438 26044
18.047 26048
18.0501 26052
18.0533 26056
18.0564 26060
18.0596 26064
18.0627 26068
18.0659 26072
18.069 26076
18.0722 26080
18.0754 26084
18.0785 26088
18.0817 26092
18.0848 26096
18.088 26100
18.0911 26104
18.0943 26108
18.0974 26112
18.1006 26116
18.1037 26120
18.1069 26124
18.11 26128
18.1132 26132
18.1163 26136
18.1195 26140
18.1226 26144
18.1258 26148
18.1289 26152
18.1321 26156
18.1352 26160
18.1384 26164
18.1415 26168
18.1447 26172
18.1478 26176
18.151 26180
18.1542 26184
18.1573 26188
18.1605 26192
18.1636 26196
18.1668 26200
18.1699 26204
18.1731 26208
18.1762 26212
18.1794 26216
18.1825 26220
18.1857 26224
18.1888 26228
18.192 26232
18.1951 26236
18.1983 26240
18.2014 26244
18.2046 26248
18.2077 26252
18.2109 26256
18.214 26260
18.2172 26264
18.2203 26268
18.2235 26272
18.2266 26276
18.2298 26280
18.233 26284
18.2361 26288
18.2393 26292
18.2424 26296
18.2456 26300
18.2487 26304
18.2519 26308
18.255 26312
18.2582 26316
18.2613 26320
18.2645 26324
18.2676 26328
18.2708 26332
18.2739 26336
18.2771 26340
18.2802 26344
18.2834 26348
18.2865 26352
18.2897 26356
18.2928 26360
18.296 26364
18.2991 26368
18.3023 26372
18.3054 26376
18.3086 26380
18.3118 26384
18.3149 26388
18.3181 26392
18.3212 26396
18.3244 26400
18.3275 26404
18.3307 26408
18.3338 26412
18.337 26416
18.3401 26420
18.3433 26424
18.3464 26428
18.3496 26432
18.3527 26436
18.3559 26440
18.359 26444
18.3622 26448
18.3653 26452
18.3685 26456
18.3716 26460
18.3748 26464
18.3779 26468
18.3811 26472
18.3842 26476
18.3874 26480
18.3906 26484
18.3937 26488
18.3969 26492
18.4 26496
18.4032 26500
18.4063 26504
18.4095 26508
18.4126 26512
18.4158 26516
18.4189 26520
18.4221 26524
18.4252 26528
18.4284 26532
18.4315 26536
18.4347 26540
18.4378 26544
18.441 26548
18.4441 26552
18.4473 26556
18.4504 26560
18.4536 26564
18.4567 26568
18.4599 26572
18.463 26576
18.4662 26580
18.4694 26584
18.4725 26588
18.4757 26592
18.4788 26596
18.482 26600
18.4851 26604
18.4883 26608
18.4914 26612
18.4946 26616
18.4977 26620
18.5009 26624
18.504 26628
18.5072 26632
18.5103 26636
18.5135 26640
18.5166 26644
18.5198 26648
18.5229 26652
18.5261 26656
18.5292 26660
18.5324 26664
18.5355 26668
18.5387 26672
18.5418 26676
18.545 26680
18.5482 26684
18.5513 26688
18.5545 26692
18.5576 26696
18.5608 26700
18.5639 26704
18.5671 26708
18.5702 26712
18.5734 26716
18.5765 26720
18.5797 26724
18.5828 26728
18.586 26732
18.5891 26736
18.5923 26740
18.5954 26744
18.5986 26748
18.6017 26752
18.6049 26756
18.608 26760
18.6112 26764
18.6143 26768
18.6175 26772
18.6206 26776
18.6238 26780
18.627 26784
18.6301 26788
18.6333 26792
18.6364 26796
18.6396 26800
18.6427 26804
18.6459 26808
18.649 26812
18.6522 26816
18.6553 26820
18.6585 26824
18.6616 26828
18.6648 26832
18.6679 26836
18.6711 26840
18.6742 26844
18.6774 26848
18.6805 26852
18.6837 26856
18.6868 26860
18.69 26864
18.6931 26868
18.6963 26872
18.6994 26876
18.7026 26880
18.7058 26884
18.7089 26888
18.7121 26892
18.7152 26896
18.7184 26900
18.7215 26904
18.7247 26908
18.7278 26912
18.731 26916
18.7341 26920
18.7373 26924
18.7404 26928
18.7436 26932
18.7467 26936
18.7499 26940
18.753 26944
18.7562 26948
18.7593 26952
18.7625 26956
18.7656 26960
18.7688 26964
18.7719 26968
18.7751 26972
18.7782 26976
18.7814 26980
18.7846 26984
18.7877 26988
18.7909 26992
18.794 26996
18.7972 27000
18.8003 27004
18.8035 27008
18.8066 27012
18.8098 27016
18.8129 27020
18.8161 27024
18.8192 27028
18.8224 27032
18.8255 27036
18.8287 27040
18.8318 27044
18.835 27048
18.8381 27052
18.8413 27056
18.8444 27060
18.8476 27064
18.8507 27068
18.8539 27072
18.857 27076
18.8602 27080
18.8634 27084
18.8665 27088
18.8697 27092
18.8728 27096
18.876 27100
18.8791 27104
18.8823 27108
18.8854 27112
18.8886 27116
18.8917 27120
18.8949 27124
18.898 27128
18.9012 27132
18.9043 27136
18.9075 27140
18.9106 27144
18.9138 27148
18.9169 27152
18.9201 27156
18.9232 27160
18.9264 27164
18.9295 27168
18.9327 27172
18.9358 27176
18.939 27180
18.9422 27184
18.9453 27188
18.9485 27192
18.9516 27196
18.9548 27200
18.9579 27204
18.9611 27208
18.9642 27212
18.9674 27216
18.9705 27220
18.9737 27224
18.9768 27228
18.98 27232
18.9831 27236
18.9863 27240
18.9894 27244
18.9926 27248
18.9957 27252
18.9989 27256
19.002 27260
19.0052 27264
19.0083 27268
19.0115 27272
19.0146 27276
19.0178 27280
19.021 27284
19.0241 27288
19.0273 27292
19.0304 27296
19.0336 27300
19.0367 27304
19.0399 27308
19.043 27312
19.0462 27316
19.0493 27320
19.0525 27324
19.0556 27328
19.0588 27332
19.0619 27336
19.0651 27340
19.0682 27344
19.0714 27348
19.0745 27352
19.0777 27356
19.0808 27360
19.084 27364
19.0871 27368
19.0903 27372
19.0934 27376
19.0966 27380
19.0998 27384
19.1029 27388
19.1061 27392
19.1092 27396
19.1124 27400
19.1155 27404
19.1187 27408
19.1218 27412
19.125 27416
19.1281 27420
19.1313 27424
19.1344 27428
19.1376 27432
19.1407 27436
19.1439 27440
19.147 27444
19.1502 27448
19.1533 27452
19.1565 27456
19.1596 27460
19.1628 27464
19.1659 27468
19.1691 27472
19.1722 27476
19.1754 27480
19.1786 27484
19.1817 27488
19.1849 27492
19.188 27496
19.1912 27500
19.1943 27504
19.1975 27508
19.2006 27512
19.2038 27516
19.2069 27520
19.2101 27524
19.2132 27528
19.2164 27532
19.2195 27536
19.2227 27540
19.2258 27544
19.229 27548
19.2321 27552
19.2353 27556
19.2384 27560
19.2416 27564
19.2447 27568
19.2479 27572
19.251 27576
19.2542 27580
19.2574 27584
19.2605 27588
19.2637 27592
19.2668 27596
19.27 27600
19.2731 27604
19.2763 27608
19.2794 27612
19.2826 27616
19.2857 27620
19.2889 27624
19.292 27628
19.2952 27632
19.2983 27636
19.3015 27640
19.3046 27644
19.3078 27648
19.3109 27652
19.3141 27656
19.3172 27660
19.3204 27664
19.3235 27668
19.3267 27672
19.3298 27676
19.333 27680
19.3362 27684
19.3393 27688
19.3425 27692
19.3456 27696
19.3488 27700
19.3519 27704
19.3551 27708
19.3582 27712
19.3614 27716
19.3645 27720
19.3677 27724
19.3708 27728
19.374 27732
19.3771 27736
19.3803 27740
19.3834 27744
19.3866 27748
19.3897 27752
19.3929 27756
19.396 27760
19.3992 27764
19.4023 27768
19.4055 27772
19.4086 27776
19.4118 27780
19.415 27784
19.4181 27788
19.4213 27792
19.4244 27796
19.4276 27800
19.4307 27804
19.4339 27808
19.437 27812
19.4402 27816
19.4433 27820
19.4465 27824
19.4496 27828
19.4528 27832
19.4559 27836
19.4591 27840
19.4622 27844
19.4654 27848
19.4685 27852
19.4717 27856
19.4748 27860
19.478 27864
19.4811 27868
19.4843 27872
19.4874 27876
19.4906 27880
19.4938 27884
19.4969 27888
19.5001 27892
19.5032 27896
19.5064 27900
19.5095 27904
19.5127 27908
19.5158 27912
19.519 27916
19.5221 27920
19.5253 27924
19.5284 27928
19.5316 27932
19.5347 27936
19.5379 27940
19.541 27944
19.5442 27948
19.5473 27952
19.5505 27956
19.5536 27960
19.5568 27964
19.5599 27968
19.5631 27972
19.5662 27976
19.5694 27980
19.5726 27984
19.5757 27988
19.5789 27992
19.582 27996
19.5852 28000
19.5883 28004
19.5915 28008
19.5946 28012
19.5978 28016
19.6009 28020
19.6041 28024
19.6072 28028
19.6104 28032
19.6135 28036
19.6167 28040
19.6198 28044
19.623 28048
19.6261 28052
19.6293 28056
19.6324 28060
19.6356 28064
19.6387 28068
19.6419 28072
19.645 28076
19.6482 28080
19.6514 28084
19.6545 28088
19.6577 28092
19.6608 28096
19.664 28100
19.6671 28104
19.6703 28108
19.6734 28112
19.6766 28116
19.6797 28120
19.6829 28124
19.686 28128
19.6892 28132
19.6923 28136
19.6955 28140
19.6986 28144
19.7018 28148
19.7049 28152
19.7081 28156
19.7112 28160
19.7144 28164
19.7175 28168
19.7207 28172
19.7238 28176
19.727 28180
19.7302 28184
19.7333 28188
19.7365 28192
19.7396 28196
19.7428 28200
19.7459 28204
19.7491 28208
19.7522 28212
19.7554 28216
19.7585 28220
19.7617 28224
19.7648 28228
19.768 28232
19.7711 28236
19.7743 28240
19.7774 28244
19.7806 28248
19.7837 28252
19.7869 28256
19.79 28260
19.7932 28264
19.7963 28268
19.7995 28272
19.8026 28276
19.8058 28280
19.809 28284
19.8121 28288
19.8153 28292
19.8184 28296
19.8216 28300
19.8247 28304
19.8279 28308
19.831 28312
19.8342 28316
19.8373 28320
19.8405 28324
19.8436 28328
19.8468 28332
19.8499 28336
19.8531 28340
19.8562 28344
19.8594 28348
19.8625 28352
19.8657 28356
19.8688 28360
19.872 28364
19.8751 28368
19.8783 28372
19.8814 28376
19.8846 28380
19.8878 28384
19.8909 28388
19.8941 28392
19.8972 28396
19.9004 28400
19.9035 28404
19.9067 28408
19.9098 28412
19.913 28416
19.9161 28420
19.9193 28424
19.9224 28428
19.9256 28432
19.9287 28436
19.9319 28440
19.935 28444
19.9382 28448
19.9413 28452
19.9445 28456
19.9476 28460
19.9508 28464
19.9539 28468
19.9571 28472
19.9602 28476
19.9634 28480
19.9666 28484
19.9697 28488
19.9729 28492
19.976 28496
19.9792 28500
19.9823 28504
19.9855 28508
19.9886 28512
19.9918 28516
19.9949 28520
19.9981 28524
20.0012 28528
20.0044 28532
20.0075 28536
20.0107 28540
20.0138 28544
20.017 28548
20.0201 28552
20.0233 28556
20.0264 28560
20.0296 28564
20.0327 28568
20.0359 28572
20.039 28576
20.0422 28580
20.0454 28584
20.0485 28588
20.0517 28592
20.0548 28596
20.058 28600
20.0611 28604
20.0643 28608
20.0674 28612
20.0706 28616
20.0737 28620
20.0769 28624
20.08 28628
20.0832 28632
20.0863 28636
20.0895 28640
20.0926 28644
20.0958 28648
20.0989 28652
20.1021 28656
20.1052 28660
20.1084 28664
20.1115 28668
20.1147 28672
20.1178 28676
20.121 28680
20.1242 28684
20.1273 28688
20.1305 28692
20.1336 28696
20.1368 28700
20.1399 28704
20.1431 28708
20.1462 28712
20.1494 28716
20.1525 28720
20.1557 28724
20.1588 28728
20.162 28732
20.1651 28736
20.1683 28740
20.1714 28744
20.1746 28748
20.1777 28752
20.1809 28756
20.184 28760
20.1872 28764
20.1903 28768
20.1935 28772
20.1966 28776
20.1998 28780
20.203 28784
20.2061 28788
20.2093 28792
20.2124 28796
20.2156 28800
20.2187 28804
20.2219 28808
20.225 28812
20.2282 28816
20.2313 28820
20.2345 28824
20.2376 28828
20.2408 28832
20.2439 28836
20.2471 28840
20.2502 28844
20.2534 28848
20.2565 28852
20.2597 28856
20.2628 28860
20.266 28864
20.2691 28868
20.2723 28872
20.2754 28876
20.2786 28880
20.2818 28884
20.2849 28888
20.2881 28892
20.2912 28896
20.2944 28900
20.2975 28904
20.3007 28907
20.3038 28910
20.307 28913
20.3101 28916
20.3133 28919
20.3164 28922
20.3196 28925
20.3227 28928
20.3259 28931
20.329 28934
20.3322 28937
20.3353 28940
20.3385 28943
20.3416 28946
20.3448 28949
20.3479 28952
20.3511 28955
20.3542 28958
20.3574 28961
20.3606 28964
20.3637 28967
20.3669 28970
20.37 28973
20.3732 28976
20.3763 28979
20.3795 28982
20.3826 28985
20.3858 28988
20.3889 28991
20.3921 28994
20.3952 28997
20.3984 29000
20.4015 29003
20.4047 29006
20.4078 29009
20.411 29012
20.4141 29015
20.4173 29018
20.4204 29021
20.4236 29024
20.4267 29027
20.4299 29030
20.433 29033
20.4362 29036
20.4394 29039
20.4425 29042
20.4457 29045
20.4488 29048
20.452 29051
20.4551 29054
20.4583 29057
20.4614 29060
20.4646 29063
20.4677 29066
20.4709 29069
20.474 29072
20.4772 29075
20.4803 29078
20.4835 29081
20.4866 29084
20.4898 29087
20.4929 29090
20.4961 29093
20.4992 29096
20.5024 29099
20.5055 29102
20.5087 29105
20.5118 29108
20.515 29111
20.5182 29114
20.5213 29117
20.5245 29120
20.5276 29123
20.5308 29126
20.5339 29129
20.5371 29132
20.5402 29135
20.5434 29138
20.5465 29141
20.5497 29144
20.5528 29147
20.556 29150
20.5591 29153
20.5623 29156
20.5654 29159
20.5686 29162
20.5717 29165
20.5749 29168
20.578 29171
20.5812 29174
20.5843 29177
20.5875 29180
20.5906 29183
20.5938 29186
20.597 29189
20.6001 29192
20.6033 29195
20.6064 29198
20.6096 29201
20.6127 29204
20.6159 29207
20.619 29210
20.6222 29213
20.6253 29216
20.6285 29219
20.6316 29222
20.6348 29225
20.6379 29228
20.6411 29231
20.6442 29234
20.6474 29237
20.6505 29240
20.6537 29243
20.6568 29246
20.66 29249
20.6631 29252
20.6663 29255
20.6694 29258
20.6726 29261
20.6758 29264
20.6789 29267
20.6821 29270
20.6852 29273
20.6884 29276
20.6915 29279
20.6947 29282
20.6978 29285
20.701 29288
20.7041 29291
20.7073 29294
20.7104 29297
20.7136 29300
20.7167 29303
20.7199 29306
20.723 29309
20.7262 29312
20.7293 29315
20.7325 29318
20.7356 29321
20.7388 29324
20.7419 29327
20.7451 29330
20.7482 29333
20.7514 29336
20.7546 29339
20.7577 29342
20.7609 29345
20.764 29348
20.7672 29351
20.7703 29354
20.7735 29357
20.7766 29360
20.7798 29363
20.7829 29366
20.7861 29369
20.7892 29372
20.7924 29375
20.7955 29378
20.7987 29381
20.8018 29384
20.805 29387
20.8081 29390
20.8113 29393
20.8144 29396
20.8176 29399
20.8207 29402
20.8239 29405
20.827 29408
20.8302 29411
20.8334 29414
20.8365 29417
20.8397 29420
20.8428 29423
20.846 29426
20.8491 29429
20.8523 29432
20.8554 29435
20.8586 29438
20.8617 29441
20.8649 29444
20.868 29447
20.8712 29450
20.8743 29453
20.8775 29456
20.8806 29459
20.8838 29462
20.8869 29465
20.8901 29468
20.8932 29471
20.8964 29474
20.8995 29477
20.9027 29480
20.9058 29483
20.909 29486
20.9122 29489
20.9153 29492
20.9185 29495
20.9216 29498
20.9248 29501
20.9279 29504
20.9311 29507
20.9342 29510
20.9374 29513
20.9405 29516
20.9437 29519
20.9468 29522
20.95 29525
20.9531 29528
20.9563 29531
20.9594 29534
20.9626 29537
20.9657 29540
20.9689 29543
20.972 29546
20.9752 29549
20.9783 29552
20.9815 29555
20.9846 29558
20.9878 29561
20.991 29564
20.9941 29567
20.9973 29570
21.0004 29573
21.0036 29576
21.0067 29579
21.0099 29582
21.013 29585
21.0162 29588
21.0193 29591
21.0225 29594
21.0256 29597
21.0288 29600
21.0319 29603
21.0351 29606
21.0382 29609
21.0414 29612
21.0445 29615
21.0477 29618
21.0508 29621
21.054 29624
21.0571 29627
21.0603 29630
21.0634 29633
21.0666 29636
21.0698 29639
21.0729 29642
21.0761 29645
21.0792 29648
21.0824 29651
21.0855 29654
21.0887 29657
21.0918 29660
21.095 29663
21.0981 29666
21.1013 29669
21.1044 29672
21.1076 29675
21.1107 29678
21.1139 29681
21.117 29684
21.1202 29687
21.1233 29690
21.1265 29693
21.1296 29696
21.1328 29699
21.1359 29702
21.1391 29705
21.1422 29708
21.1454 29711
21.1486 29714
21.1517 29717
21.1549 29720
21.158 29723
21.1612 29726
21.1643 29729
21.1675 29732
21.1706 29735
21.1738 29738
21.1769 29741
21.1801 29744
21.1832 29747
21.1864 29750
21.1895 29753
21.1927 29756
21.1958 29759
21.199 29762
21.2021 29765
21.2053 29768
21.2084 29771
21.2116 29774
21.2147 29777
21.2179 29780
21.221 29783
21.2242 29786
21.2274 29789
21.2305 29792
21.2337 29795
21.2368 29798
21.24 29801
21.2431 29804
21.2463 29807
21.2494 29810
21.2526 29813
21.2557 29816
21.2589 29819
21.262 29822
21.2652 29825
21.2683 29828
21.2715 29831
21.2746 29834
21.2778 29837
21.2809 29840
21.2841 29843
21.2872 29846
21.2904 29849
21.2935 29852
21.2967 29855
21.2998 29858
21.303 29861
21.3062 29864
21.3093 29867
21.3125 29870
21.3156 29873
21.3188 29876
21.3219 29879
21.3251 29882
21.3282 29885
21.3314 29888
21.3345 29891
21.3377 29894
21.3408 29897
21.344 29900
21.3471 29903
21.3503 29906
21.3534 29909
21.3566 29912
21.3597 29915
21.3629 29918
21.366 29921
21.3692 29924
21.3723 29927
21.3755 29930
21.3786 29933
21.3818 29936
21.385 29939
21.3881 29942
21.3913 29945
21.3944 29948
21.3976 29951
21.4007 29954
21.4039 29957
21.407 29960
21.4102 29963
21.4133 29966
21.4165 29969
21.4196 29972
21.4228 29975
21.4259 29978
21.4291 29981
21.4322 29984
21.4354 29987
21.4385 29990
21.4417 29993
21.4448 29996
21.448 29999
21.4511 30002
21.4543 30005
21.4574 30008
21.4606 30011
21.4638 30014
21.4669 30017
21.4701 30020
21.4732 30023
21.4764 30026
21.4795 30029
21.4827 30032
21.4858 30035
21.489 30038
21.4921 30041
21.4953 30044
21.4984 30047
21.5016 30050
21.5047 30053
21.5079 30056
21.511 30059
21.5142 30062
21.5173 30065
21.5205 30068
21.5236 30071
21.5268 30074
21.5299 30077
21.5331 30080
21.5362 30083
21.5394 30086
21.5426 30089
21.5457 30092
21.5489 30095
21.552 30098
21.5552 30101
21.5583 30104
21.5615 30107
21.5646 30110
21.5678 30113
21.5709 30116
21.5741 30119
21.5772 30122
21.5804 30125
21.5835 30128
21.5867 30131
21.5898 30134
21.593 30137
21.5961 30140
21.5993 30143
21.6024 30146
21.6056 30149
21.6087 30152
21.6119 30155
21.615 30158
21.6182 30161
21.6214 30164
21.6245 30167
21.6277 30170
21.6308 30173
21.634 30176
21.6371 30179
21.6403 30182
21.6434 30185
21.6466 30188
21.6497 30191
21.6529 30194
21.656 30197
21.6592 30200
21.6623 30203
21.6655 30206
21.6686 30209
21.6718 30212
21.6749 30215
21.6781 30218
21.6812 30221
21.6844 30224
21.6875 30227
21.6907 30230
21.6938 30233
21.697 30236
21.7002 30239
21.7033 30242
21.7065 30245
21.7096 30248
21.7128 30251
21.7159 30254
21.7191 30257
21.7222 30260
21.7254 30263
21.7285 30266
21.7317 30269
21.7348 30272
21.738 30275
21.7411 30278
21.7443 30281
21.7474 30284
21.7506 30287
21.7537 30290
21.7569 30293
21.76 30296
21.7632 30299
21.7663 30302
21.7695 30305
21.7726 30308
21.7758 30311
21.779 30314
21.7821 30317
21.7853 30320
21.7884 30323
21.7916 30326
21.7947 30329
21.7979 30332
21.801 30335
21.8042 30338
21.8073 30341
21.8105 30344
21.8136 30347
21.8168 30350
21.8199 30353
21.8231 30356
21.8262 30359
21.8294 30362
21.8325 30365
21.8357 30368
21.8388 30371
21.842 30374
21.8451 30377
21.8483 30380
21.8514 30383
21.8546 30386
21.8577 30389
21.8609 30392
21.8641 30395
21.8672 30398
21.8704 30401
21.8735 30404
21.8767 30407
21.8798 30410
21.883 30413
21.8861 30416
21.8893 30419
21.8924 30422
21.8956 30425
21.8987 30428
21.9019 30431
21.905 30434
21.9082 30437
21.9113 30440
21.9145 30443
21.9176 30446
21.9208 30449
21.9239 30452
21.9271 30455
21.9302 30458
21.9334 30461
21.9365 30464
21.9397 30467
21.9429 30470
21.946 30473
21.9492 30476
21.9523 30479
21.9555 30482
21.9586 30485
21.9618 30488
21.9649 30491
21.9681 30494
21.9712 30497
21.9744 30500
21.9775 30503
21.9807 30506
21.9838 30509
21.987 30512
21.9901 30515
21.9933 30518
21.9964 30521
21.9996 30524
22.0027 30527
22.0059 30530
22.009 30533
22.0122 30536
22.0153 30539
22.0185 30542
22.0217 30545
22.0248 30548
22.028 30551
22.0311 30554
22.0343 30557
22.0374 30560
22.0406 30563
22.0437 30566
22.0469 30569
22.05 30572
22.0532 30575
22.0563 30578
22.0595 30581
22.0626 30584
22.0658 30587
22.0689 30590
22.0721 30593
22.0752 30596
22.0784 30599
22.0815 30602
22.0847 30605
22.0878 30608
22.091 30611
22.0941 30614
22.0973 30617
22.1005 30620
22.1036 30623
22.1068 30626
22.1099 30629
22.1131 30632
22.1162 30635
22.1194 30638
22.1225 30641
22.1257 30644
22.1288 30647
22.132 30650
22.1351 30653
22.1383 30656
22.1414 30659
22.1446 30662
22.1477 30665
22.1509 30668
22.154 30671
22.1572 30674
22.1603 30677
22.1635 30680
22.1666 30683
22.1698 30686
22.1729 30689
22.1761 30692
22.1793 30695
22.1824 30698
22.1856 30701
22.1887 30704
22.1919 30707
22.195 30710
22.1982 30713
22.2013 30716
22.2045 30719
22.2076 30722
22.2108 30725
22.2139 30728
22.2171 30731
22.2202 30734
22.2234 30737
22.2265 30740
22.2297 30743
22.2328 30746
22.236 30749
22.2391 30752
22.2423 30755
22.2454 30758
22.2486 30761
22.2517 30764
22.2549 30767
22.2581 30770
22.2612 30773
22.2644 30776
22.2675 30779
22.2707 30782
22.2738 30785
22.277 30788
22.2801 30791
22.2833 30794
22.2864 30797
22.2896 30800
22.2927 30803
22.2959 30806
22.299 30809
22.3022 30812
22.3053 30815
22.3085 30818
22.3116 30821
22.3148 30824
22.3179 30827
22.3211 30830
22.3242 30833
22.3274 30836
22.3305 30839
22.3337 30842
22.3369 30845
22.34 30848
22.3432 30851
22.3463 30854
22.3495 30857
22.3526 30860
22.3558 30863
22.3589 30866
22.3621 30869
22.3652 30872
22.3684 30875
22.3715 30878
22.3747 30881
22.3778 30884
22.381 30887
22.3841 30890
22.3873 30893
22.3904 30896
22.3936 30899
22.3967 30902
22.3999 30905
22.403 30908
22.4062 30911
22.4093 30914
22.4125 30917
22.4157 30920
22.4188 30923
22.422 30926
22.4251 30929
22.4283 30932
22.4314 30935
22.4346 30938
22.4377 30941
22.4409 30944
22.444 30947
22.4472 30950
22.4503 30953
22.4535 30956
22.4566 30959
22.4598 30962
22.4629 30965
22.4661 30968
22.4692 30971
22.4724 30974
22.4755 30977
22.4787 30980
22.4818 30983
22.485 30986
22.4881 30989
22.4913 30992
22.4945 30995
22.4976 30998
22.5008 31001
22.5039 31004
22.5071 31007
22.5102 31010
22.5134 31013
22.5165 31016
22.5197 31019
22.5228 31022
22.526 31025
22.5291 31028
22.5323 31031
22.5354 31034
22.5386 31037
22.5417 31040
22.5449 31043
22.548 31046
22.5512 31049
22.5543 31052
22.5575 31055
22.5606 31058
22.5638 31061
22.5669 31064
22.5701 31067
22.5733 31070
22.5764 31073
22.5796 31076
22.5827 31079
22.5859 31082
22.589 31085
22.5922 31088
22.5953 31091
22.5985 31094
22.6016 31097
22.6048 31100
22.6079 31103
22.6111 31106
22.6142 31109
22.6174 31112
22.6205 31115
22.6237 31118
22.6268 31121
22.63 31124
22.6331 31127
22.6363 31130
22.6394 31133
22.6426 31136
22.6457 31139
22.6489 31142
22.6521 31145
22.6552 31148
22.6584 31151
22.6615 31154
22.6647 31157
22.6678 31160
22.671 31163
22.6741 31166
22.6773 31169
22.6804 31172
22.6836 31175
22.6867 31178
22.6899 31181
22.693 31184
22.6962 31187
22.6993 31190
22.7025 31193
22.7056 31196
22.7088 31199
22.7119 31202
22.7151 31205
22.7182 31208
22.7214 31211
22.7245 31214
22.7277 31217
22.7309 31220
22.734 31223
22.7372 31226
22.7403 31229
22.7435 31232
22.7466 31235
22.7498 31238
22.7529 31241
22.7561 31244
22.7592 31247
22.7624 31250
22.7655 31253
22.7687 31256
22.7718 31259
22.775 31262
22.7781 31265
22.7813 31268
22.7844 31271
22.7876 31274
22.7907 31277
22.7939 31280
22.797 31283
22.8002 31286
22.8033 31289
22.8065 31292
22.8097 31295
22.8128 31298
22.816 31301
22.8191 31304
22.8223 31307
22.8254 31310
22.8286 31313
22.8317 31316
22.8349 31319
22.838 31322
22.8412 31325
22.8443 31328
22.8475 31331
22.8506 31334
22.8538 31337
22.8569 31340
22.8601 31343
22.8632 31346
22.8664 31349
22.8695 31352
22.8727 31355
22.8758 31358
22.879 31361
22.8821 31364
22.8853 31367
22.8885 31370
22.8916 31373
22.8948 31376
22.8979 31379
22.9011 31382
22.9042 31385
22.9074 31388
22.9105 31391
22.9137 31394
22.9168 31397
22.92 31400
22.9231 31403
22.9263 31406
22.9294 31409
22.9326 31412
22.9357 31415
22.9389 31418
22.942 31421
22.9452 31424
22.9483 31427
22.9515 31430
22.9546 31433
22.9578 31436
22.9609 31439
22.9641 31442
22.9673 31445
22.9704 31448
22.9736 31451
22.9767 31454
22.9799 31457
22.983 31460
22.9862 31463
22.9893 31466
22.9925 31469
22.9956 31472
22.9988 31475
23.0019 31478
23.0051 31481
23.0082 31484
23.0114 31487
23.0145 31490
23.0177 31493
23.0208 31496
23.024 31499
23.0271 31502
23.0303 31505
23.0334 31508
23.0366 31511
23.0397 31514
23.0429 31517
23.0461 31520
23.0492 31523
23.0524 31526
23.0555 31529
23.0587 31532
23.0618 31535
23.065 31538
23.0681 31541
23.0713 31544
23.0744 31547
23.0776 31550
23.0807 31553
23.0839 31556
23.087 31559
23.0902 31562
23.0933 31565
23.0965 31568
23.0996 31571
23.1028 31574
23.1059 31577
23.1091 31580
23.1122 31583
23.1154 31586
23.1185 31589
23.1217 31592
23.1249 31595
23.128 31598
23.1312 31601
23.1343 31604
23.1375 31607
23.1406 31610
23.1438 31613
23.1469 31616
23.1501 31619
23.1532 31622
23.1564 31625
23.1595 31628
23.1627 31631
23.1658 31634
23.169 31637
23.1721 31640
23.1753 31643
23.1784 31646
23.1816 31649
23.1847 31652
23.1879 31655
23.191 31658
23.1942 31661
23.1973 31664
23.2005 31667
23.2037 31670
23.2068 31673
23.21 31676
23.2131 31679
23.2163 31682
23.2194 31685
23.2226 31688
23.2257 31691
23.2289 31694
23.232 31697
23.2352 31700
23.2383 31703
23.2415 31706
23.2446 31709
23.2478 31712
23.2509 31715
23.2541 31718
23.2572 31721
23.2604 31724
23.2635 31727
23.2667 31730
23.2698 31733
23.273 31736
23.2761 31739
23.2793 31742
23.2825 31745
23.2856 31748
23.2888 31751
23.2919 31754
23.2951 31757
23.2982 31760
23.3014 31763
23.3045 31766
23.3077 31769
23.3108 31772
23.314 31775
23.3171 31778
23.3203 31781
23.3234 31784
23.3266 31787
23.3297 31790
23.3329 31793
23.336 31796
23.3392 31799
23.3423 31802
23.3455 31805
23.3486 31808
23.3518 31811
23.3549 31814
23.3581 31817
23.3613 31820
23.3644 31823
23.3676 31826
23.3707 31829
23.3739 31832
23.377 31835
23.3802 31838
23.3833 31841
23.3865 31844
23.3896 31847
23.3928 31850
23.3959 31853
23.3991 31856
23.4022 31859
23.4054 31862
23.4085 31865
23.4117 31868
23.4148 31871
23.418 31874
23.4211 31877
23.4243 31880
23.4274 31883
23.4306 31886
23.4337 31889
23.4369 31892
23.4401 31895
23.4432 31898
23.4464 31901
23.4495 31904
23.4527 31907
23.4558 31910
23.459 31913
23.4621 31916
23.4653 31919
23.4684 31922
23.4716 31925
23.4747 31928
23.4779 31931
23.481 31934
23.4842 31937
23.4873 31940
23.4905 31943
23.4936 31946
23.4968 31949
23.4999 31952
23.5031 31955
23.5062 31958
23.5094 31961
23.5125 31964
23.5157 31967
23.5189 31970
23.522 31973
23.5252 31976
23.5283 31979
23.5315 31982
23.5346 31985
23.5378 31988
23.5409 31991
23.5441 31994
23.5472 31997
23.5504 32000
23.5535 32003
23.5567 32006
23.5598 32009
23.563 32012
23.5661 32015
23.5693 32018
23.5724 32021
23.5756 32024
23.5787 32027
23.5819 32030
23.585 32033
23.5882 32036
23.5913 32039
23.5945 32042
23.5977 32045
23.6008 32048
23.604 32051
23.6071 32054
23.6103 32057
23.6134 32060
23.6166 32063
23.6197 32066
23.6229 32069
23.626 32072
23.6292 32075
23.6323 32078
23.6355 32081
23.6386 32084
23.6418 32087
23.6449 32090
23.6481 32093
23.6512 32096
23.6544 32099
23.6575 32102
23.6607 32105
23.6638 32108
23.667 32111
23.6701 32114
23.6733 32117
23.6765 32120
23.6796 32123
23.6828 32126
23.6859 32129
23.6891 32132
23.6922 32135
23.6954 32138
23.6985 32141
23.7017 32144
23.7048 32147
23.708 32150
23.7111 32153
23.7143 32156
23.7174 32159
23.7206 32162
23.7237 32165
23.7269 32168
23.73 32171
23.7332 32174
23.7363 32177
23.7395 32180
23.7426 32183
23.7458 32186
23.7489 32189
23.7521 32192
23.7553 32195
23.7584 32198
23.7616 32201
23.7647 32204
23.7679 32207
23.771 32210
23.7742 32213
23.7773 32216
23.7805 32219
23.7836 32222
23.7868 32225
23.7899 32228
23.7931 32231
23.7962 32234
23.7994 32237
23.8025 32240
23.8057 32243
23.8088 32246
23.812 32249
23.8151 32252
23.8183 32255
23.8214 32258
23.8246 32261
23.8277 32264
23.8309 32267
23.8341 32270
23.8372 32273
23.8404 32276
23.8435 32279
23.8467 32282
23.8498 32285
23.853 32288
23.8561 32291
23.8593 32294
23.8624 32297
23.8656 32300
23.8687 32303
23.8719 32306
23.875 32309
23.8782 32312
23.8813 32315
23.8845 32318
23.8876 32321
23.8908 32324
23.8939 32327
23.8971 32330
23.9002 32333
23.9034 32336
23.9065 32339
23.9097 32342
23.9129 32345
23.916 32348
23.9192 32351
23.9223 32354
23.9255 32357
23.9286 32360
23.9318 32363
23.9349 32366
23.9381 32369
23.9412 32372
23.9444 32375
23.9475 32378
23.9507 32381
23.9538 32384
23.957 32387
23.9601 32390
23.9633 32393
23.9664 32396
23.9696 32399
23.9727 32402
23.9759 32405
23.979 32408
23.9822 32411
23.9853 32414
23.9885 32417
23.9917 32420
23.9948 32423
23.998 32426
24.0011 32429
24.0043 32432
24.0074 32435
24.0106 32438
24.0137 32441
24.0169 32444
24.02 32447
24.0232 32450
24.0263 32453
24.0295 32456
24.0326 32459
24.0358 32462
24.0389 32465
24.0421 32468
24.0452 32471
24.0484 32474
24.0515 32477
24.0547 32480
24.0578 32483
24.061 32486
24.0641 32489
24.0673 32492
24.0705 32495
24.0736 32498
24.0768 32501
24.0799 32504
24.0831 32507
24.0862 32510
24.0894 32513
24.0925 32516
24.0957 32519
24.0988 32522
24.102 32525
24.1051 32528
24.1083 32531
24.1114 32534
24.1146 32537
24.1177 32540
24.1209 32543
24.124 32546
24.1272 32549
24.1303 32552
24.1335 32555
24.1366 32558
24.1398 32561
24.1429 32564
24.1461 32567
24.1493 32570
24.1524 32573
24.1556 32576
24.1587 32579
24.1619 32582
24.165 32585
24.1682 32588
24.1713 32591
24.1745 32594
24.1776 32597
24.1808 32600
24.1839 32603
24.1871 32606
24.1902 32609
24.1934 32612
24.1965 32615
24.1997 32618
24.2028 32621
24.206 32624
24.2091 32627
24.2123 32630
24.2154 32633
24.2186 32636
24.2217 32639
24.2249 32642
24.2281 32645
24.2312 32648
24.2344 32651
24.2375 32654
24.2407 32657
24.2438 32660
24.247 32663
24.2501 32666
24.2533 32669
24.2564 32672
24.2596 32675
24.2627 32678
24.2659 32681
24.269 32684
24.2722 32687
24.2753 32690
24.2785 32693
24.2816 32696
24.2848 32699
24.2879 32702
24.2911 32705
24.2942 32708
24.2974 32711
24.3005 32714
24.3037 32717
24.3069 32720
24.31 32723
24.3132 32726
24.3163 32729
24.3195 32732
24.3226 32735
24.3258 32738
24.3289 32741
24.3321 32744
24.3352 32747
24.3384 32750
24.3415 32753
24.3447 32756
24.3478 32759
24.351 32762
24.3541 32765
24.3573 32768
24.3604 32771
24.3636 32774
24.3667 32777
24.3699 32780
24.373 32783
24.3762 32786
24.3793 32789
24.3825 32792
24.3857 32795
24.3888 32798
24.392 32801
24.3951 32804
24.3983 32807
24.4014 32810
24.4046 32813
24.4077 32816
24.4109 32819
24.414 32822
24.4172 32825
24.4203 32828
24.4235 32831
24.4266 32834
24.4298 32837
24.4329 32840
24.4361 32843
24.4392 32846
24.4424 32849
24.4455 32852
24.4487 32855
24.4518 32858
24.455 32861
24.4581 32864
24.4613 32867
24.4645 32870
24.4676 32873
24.4708 32876
24.4739 32879
24.4771 32882
24.4802 32885
24.4834 32888
24.4865 32891
24.4897 32894
24.4928 32897
24.496 32900
24.4991 32903
24.5023 32906
24.5054 32909
24.5086 32912
24.5117 32915
24.5149 32918
24.518 32921
24.5212 32924
24.5243 32927
24.5275 32930
24.5306 32933
24.5338 32936
24.5369 32939
24.5401 32942
24.5433 32945
24.5464 32948
24.5496 32951
24.5527 32954
24.5559 32957
24.559 32960
24.5622 32963
24.5653 32966
24.5685 32969
24.5716 32972
24.5748 32975
24.5779 32978
24.5811 32981
24.5842 32984
24.5874 32987
24.5905 32990
24.5937 32993
24.5968 32996
24.6 32999
24.6031 33002
24.6063 33005
24.6094 33008
24.6126 33011
24.6157 33014
24.6189 33017
24.6221 33020
24.6252 33023
24.6284 33026
24.6315 33029
24.6347 33032
24.6378 33035
24.641 33038
24.6441 33041
24.6473 33044
24.6504 33047
24.6536 33050
24.6567 33053
24.6599 33056
24.663 33059
24.6662 33062
24.6693 33065
24.6725 33068
24.6756 33071
24.6788 33074
24.6819 33077
24.6851 33080
24.6882 33083
24.6914 33086
24.6945 33089
24.6977 33092
24.7009 33095
24.704 33098
24.7072 33101
24.7103 33104
24.7135 33107
24.7166 33110
24.7198 33113
24.7229 33116
24.7261 33119
24.7292 33122
24.7324 33125
24.7355 33128
24.7387 33131
24.7418 33134
24.745 33137
24.7481 33140
24.7513 33143
24.7544 33146
24.7576 33149
24.7607 33152
24.7639 33155
24.767 33158
24.7702 33161
24.7733 33164
24.7765 33167
24.7797 33170
24.7828 33173
24.786 33176
24.7891 33179
24.7923 33182
24.7954 33185
24.7986 33188
24.8017 33191
24.8049 33194
24.808 33197
24.8112 33200
24.8143 33203
24.8175 33206
24.8206 33209
24.8238 33212
24.8269 33215
24.8301 33218
24.8332 33221
24.8364 33224
24.8395 33227
24.8427 33230
24.8458 33233
24.849 33236
24.8521 33239
24.8553 33242
24.8585 33245
24.8616 33248
24.8648 33251
24.8679 33254
24.8711 33257
24.8742 33260
24.8774 33263
24.8805 33266
24.8837 33269
24.8868 33272
24.89 33275
24.8931 33278
24.8963 33281
24.8994 33284
24.9026 33287
24.9057 33290
24.9089 33293
24.912 33296
24.9152 33299
24.9183 33302
24.9215 33305
24.9246 33308
24.9278 33311
24.9309 33314
24.9341 33317
24.9373 33320
24.9404 33323
24.9436 33326
24.9467 33329
24.9499 33332
24.953 33335
24.9562 33338
24.9593 33341
24.9625 33344
24.9656 33347
24.9688 33350
24.9719 33353
24.9751 33356
24.9782 33359
24.9814 33362
24.9845 33365
24.9877 33368
24.9908 33371
24.994 33374
24.9971 33377
25.0003 33380
25.0034 33383
25.0066 33386
25.0097 33389
25.0129 33392
25.0161 33395
25.0192 33398
25.0224 33401
25.0255 33404
25.0287 33407
25.0318 33410
25.035 33413
25.0381 33416
25.0413 33419
25.0444 33422
25.0476 33425
25.0507 33428
25.0539 33431
25.057 33434
25.0602 33437
25.0633 33440
25.0665 33443
25.0696 33446
25.0728 33449
25.0759 33452
25.0791 33455
25.0822 33458
25.0854 33461
25.0885 33464
25.0917 33467
25.0949 33470
25.098 33473
25.1012 33476
25.1043 33479
25.1075 33482
25.1106 33485
25.1138 33488
25.1169 33491
25.1201 33494
25.1232 33497
25.1264 33500
25.1295 33503
25.1327 33506
25.1358 33509
25.139 33512
25.1421 33515
25.1453 33518
25.1484 33521
25.1516 33524
25.1547 33527
25.1579 33530
25.161 33533
25.1642 33536
25.1673 33539
25.1705 33542
25.1737 33545
25.1768 33548
25.18 33551
25.1831 33554
25.1863 33557
25.1894 33560
25.1926 33563
25.1957 33566
25.1989 33569
25.202 33572
25.2052 33575
25.2083 33578
25.2115 33581
25.2146 33584
25.2178 33587
25.2209 33590
25.2241 33593
25.2272 33596
25.2304 33599
25.2335 33602
25.2367 33605
25.2398 33608
25.243 33611
25.2461 33614
25.2493 33617
25.2525 33620
25.2556 33623
25.2588 33626
25.2619 33629
25.2651 33632
25.2682 33635
25.2714 33638
25.2745 33641
25.2777 33644
25.2808 33647
25.284 33650
25.2871 33653
25.2903 33656
25.2934 33659
25.2966 33662
25.2997 33665
25.3029 33668
25.306 33671
25.3092 33674
25.3123 33677
25.3155 33680
25.3186 33683
25.3218 33686
25.3249 33689
25.3281 33692
25.3313 33695
25.3344 33698
25.3376 33701
25.3407 33704
25.3439 33707
25.347 33710
25.3502 33713
25.3533 33716
25.3565 33719
25.3596 33722
25.3628 33725
25.3659 33728
25.3691 33731
25.3722 33734
25.3754 33737
25.3785 33740
25.3817 33743
25.3848 33746
25.388 33749
25.3911 33752
25.3943 33755
25.3974 33758
25.4006 33761
25.4037 33764
25.4069 33767
25.4101 33770
25.4132 33773
25.4164 33776
25.4195 33779
25.4227 33782
25.4258 33785
25.429 33788
25.4321 33791
25.4353 33794
25.4384 33797
25.4416 33800
25.4447 33803
25.4479 33806
25.451 33809
25.4542 33812
25.4573 33815
25.4605 33818
25.4636 33821
25.4668 33824
25.4699 33827
25.4731 33830
25.4762 33833
25.4794 33836
25.4825 33839
25.4857 33842
25.4889 33845
25.492 33848
25.4952 33851
25.4983 33854
25.5015 33857
25.5046 33860
25.5078 33863
25.5109 33866
25.5141 33869
25.5172 33872
25.5204 33875
25.5235 33878
25.5267 33881
25.5298 33884
25.533 33887
25.5361 33890
25.5393 33893
25.5424 33896
25.5456 33899
25.5487 33902
25.5519 33905
25.555 33908
25.5582 33911
25.5613 33914
25.5645 33917
25.5677 33920
25.5708 33923
25.574 33926
25.5771 33929
25.5803 33932
25.5834 33935
25.5866 33938
25.5897 33941
25.5929 33944
25.596 33947
25.5992 33950
25.6023 33953
25.6055 33956
25.6086 33959
25.6118 33962
25.6149 33965
25.6181 33968
25.6212 33971
25.6244 33974
25.6275 33977
25.6307 33980
25.6338 33983
25.637 33986
25.6401 33989
25.6433 33992
25.6465 33995
25.6496 33998
25.6528 34001
25.6559 34004
25.6591 34007
25.6622 34010
25.6654 34013
25.6685 34016
25.6717 34019
25.6748 34022
25.678 34025
25.6811 34028
25.6843 34031
25.6874 34034
25.6906 34037
25.6937 34040
25.6969 34043
25.7 34046
25.7032 34049
25.7063 34052
25.7095 34055
25.7126 34058
25.7158 34061
25.7189 34064
25.7221 34067
25.7253 34070
25.7284 34073
25.7316 34076
25.7347 34079
25.7379 34082
25.741 34085
25.7442 34088
25.7473 34091
25.7505 34094
25.7536 34097
25.7568 34100
25.7599 34103
25.7631 34106
25.7662 34109
25.7694 34112
25.7725 34115
25.7757 34118
25.7788 34121
25.782 34124
25.7851 34127
25.7883 34130
25.7914 34133
25.7946 34136
25.7977 34139
25.8009 34142
25.8041 34145
25.8072 34148
25.8104 34151
25.8135 34154
25.8167 34157
25.8198 34160
25.823 34163
25.8261 34166
25.8293 34169
25.8324 34172
25.8356 34175
25.8387 34178
25.8419 34181
25.845 34184
25.8482 34187
25.8513 34190
25.8545 34193
25.8576 34196
25.8608 34199
25.8639 34202
25.8671 34205
25.8702 34208
25.8734 34211
25.8765 34214
25.8797 34217
25.8829 34220
25.886 34223
25.8892 34226
25.8923 34229
25.8955 34232
25.8986 34235
25.9018 34238
25.9049 34241
25.9081 34244
25.9112 34247
25.9144 34250
25.9175 34253
25.9207 34256
25.9238 34259
25.927 34262
25.9301 34265
25.9333 34268
25.9364 34271
25.9396 34274
25.9427 34277
25.9459 34280
25.949 34283
25.9522 34286
25.9553 34289
25.9585 34292
25.9617 34295
25.9648 34298
25.968 34301
25.9711 34304
25.9743 34307
25.9774 34310
25.9806 34313
25.9837 34316
25.9869 34319
25.99 34322
25.9932 34325
25.9963 34328
25.9995 34331
26.0026 34334
26.0058 34337
26.0089 34340
26.0121 34343
26.0152 34346
26.0184 34349
26.0215 34352
26.0247 34355
26.0278 34358
26.031 34361
26.0341 34364
26.0373 34367
26.0405 34370
26.0436 34373
26.0468 34376
26.0499 34379
26.0531 34382
26.0562 34385
26.0594 34388
26.0625 34391
26.0657 34394
26.0688 34397
26.072 34400
26.0751 34403
26.0783 34406
26.0814 34409
26.0846 34412
26.0877 34415
26.0909 34418
26.094 34421
26.0972 34424
26.1003 34427
26.1035 34430
26.1066 34433
26.1098 34436
26.1129 34439
26.1161 34442
26.1193 34445
26.1224 34448
26.1256 34451
26.1287 34454
26.1319 34457
26.135 34460
26.1382 34463
26.1413 34466
26.1445 34469
26.1476 34472
26.1508 34475
26.1539 34478
26.1571 34481
26.1602 34484
26.1634 34487
26.1665 34490
26.1697 34493
26.1728 34496
26.176 34499
26.1791 34502
26.1823 34505
26.1854 34508
26.1886 34511
26.1917 34514
26.1949 34517
26.1981 34520
26.2012 34523
26.2044 34526
26.2075 34529
26.2107 34532
26.2138 34535
26.217 34538
26.2201 34541
26.2233 34544
26.2264 34547
26.2296 34550
26.2327 34553
26.2359 34556
26.239 34559
26.2422 34562
26.2453 34565
26.2485 34568
26.2516 34571
26.2548 34574
26.2579 34577
26.2611 34580
26.2642 34583
26.2674 34586
26.2705 34589
26.2737 34592
26.2769 34595
26.28 34598
26.2832 34601
26.2863 34604
26.2895 34607
26.2926 34610
26.2958 34613
26.2989 34616
26.3021 34619
26.3052 34622
26.3084 34625
26.3115 34628
26.3147 34631
26.3178 34634
26.321 34637
26.3241 34640
26.3273 34643
26.3304 34646
26.3336 34649
26.3367 34652
26.3399 34655
26.343 34658
26.3462 34661
26.3493 34664
26.3525 34667
26.3557 34670
26.3588 34673
26.362 34676
26.3651 34679
26.3683 34682
26.3714 34685
26.3746 34688
26.3777 34691
26.3809 34694
26.384 34697
26.3872 34700
26.3903 34703
26.3935 34706
26.3966 34709
26.3998 34712
26.4029 34715
26.4061 34718
26.4092 34721
26.4124 34724
26.4155 34727
26.4187 34730
26.4218 34733
26.425 34736
26.4281 34739
26.4313 34742
26.4345 34745
26.4376 34748
26.4408 34751
26.4439 34754
26.4471 34757
26.4502 34760
26.4534 34763
26.4565 34766
26.4597 34769
26.4628 34772
26.466 34775
26.4691 34778
26.4723 34781
26.4754 34784
26.4786 34787
26.4817 34790
26.4849 34793
26.488 34796
26.4912 34799
26.4943 34802
26.4975 34805
26.5006 34808
26.5038 34811
26.5069 34814
26.5101 34817
26.5133 34820
26.5164 34823
26.5196 34826
26.5227 34829
26.5259 34832
26.529 34835
26.5322 34838
26.5353 34841
26.5385 34844
26.5416 34847
26.5448 34850
26.5479 34853
26.5511 34856
26.5542 34859
26.5574 34862
26.5605 34865
26.5637 34868
26.5668 34871
26.57 34874
26.5731 34877
26.5763 34880
26.5794 34883
26.5826 34886
26.5857 34889
26.5889 34892
26.5921 34895
26.5952 34898
26.5984 34901
26.6015 34904
26.6047 34907
26.6078 34910
26.611 34913
26.6141 34916
26.6173 34919
26.6204 34922
26.6236 34925
26.6267 34928
26.6299 34931
26.633 34934
26.6362 34937
26.6393 34940
26.6425 34943
26.6456 34946
26.6488 34949
26.6519 34952
26.6551 34955
26.6582 34958
26.6614 34961
26.6645 34964
26.6677 34967
26.6709 34970
26.674 34973
26.6772 34976
26.6803 34979
26.6835 34982
26.6866 34985
26.6898 34988
26.6929 34991
26.6961 34994
26.6992 34997
26.7024 35000
26.7055 35003
26.7087 35006
26.7118 35009
26.715 35012
26.7181 35015
26.7213 35018
26.7244 35021
26.7276 35024
26.7307 35027
26.7339 35030
26.737 35033
26.7402 35036
26.7433 35039
26.7465 35042
26.7497 35045
26.7528 35048
26.756 35051
26.7591 35054
26.7623 35057
26.7654 35060
26.7686 35063
26.7717 35066
26.7749 35069
26.778 35072
26.7812 35075
26.7843 35078
26.7875 35081
26.7906 35084
26.7938 35087
26.7969 35090
26.8001 35093
26.8032 35096
26.8064 35099
26.8095 35102
26.8127 35105
26.8158 35108
26.819 35111
26.8221 35114
26.8253 35117
26.8285 35120
26.8316 35123
26.8348 35126
26.8379 35129
26.8411 35132
26.8442 35135
26.8474 35138
26.8505 35141
26.8537 35144
26.8568 35147
26.86 35150
26.8631 35153
26.8663 35156
26.8694 35159
26.8726 35162
26.8757 35165
26.8789 35168
26.882 35171
26.8852 35174
26.8883 35177
26.8915 35180
26.8946 35183
26.8978 35186
26.9009 35189
26.9041 35192
26.9073 35195
26.9104 35198
26.9136 35201
26.9167 35204
26.9199 35207
26.923 35210
26.9262 35213
26.9293 35216
26.9325 35219
26.9356 35222
26.9388 35225
26.9419 35228
26.9451 35231
26.9482 35234
26.9514 35237
26.9545 35240
26.9577 35243
26.9608 35246
26.964 35249
26.9671 35252
26.9703 35255
26.9734 35258
26.9766 35261
26.9797 35264
26.9829 35267
26.9861 35270
26.9892 35273
26.9924 35276
26.9955 35279
26.9987 35282
27.0018 35285
27.005 35288
27.0081 35291
27.0113 35294
27.0144 35297
27.0176 35300
27.0207 35303
27.0239 35306
27.027 35309
27.0302 35312
27.0333 35315
27.0365 35318
27.0396 35321
27.0428 35324
27.0459 35327
27.0491 35330
27.0522 35333
27.0554 35336
27.0585 35339
27.0617 35342
27.0649 35345
27.068 35348
27.0712 35351
27.0743 35354
27.0775 35357
27.0806 35360
27.0838 35363
27.0869 35366
27.0901 35369
27.0932 35372
27.0964 35375
27.0995 35378
27.1027 35381
27.1058 35384
27.109 35387
27.1121 35390
27.1153 35393
27.1184 35396
27.1216 35399
27.1247 35402
27.1279 35405
27.131 35408
27.1342 35411
27.1373 35414
27.1405 35417
27.1437 35420
27.1468 35423
27.15 35426
27.1531 35429
27.1563 35432
27.1594 35435
27.1626 35438
27.1657 35441
27.1689 35444
27.172 35447
27.1752 35450
27.1783 35453
27.1815 35456
27.1846 35459
27.1878 35462
27.1909 35465
27.1941 35468
27.1972 35471
27.2004 35474
27.2035 35477
27.2067 35480
27.2098 35483
27.213 35486
27.2161 35489
27.2193 35492
27.2225 35495
27.2256 35498
27.2288 35501
27.2319 35504
27.2351 35507
27.2382 35510
27.2414 35513
27.2445 35516
27.2477 35519
27.2508 35522
27.254 35525
27.2571 35528
27.2603 35531
27.2634 35534
27.2666 35537
27.2697 35540
27.2729 35543
27.276 35546
27.2792 35549
27.2823 35552
27.2855 35555
27.2886 35558
27.2918 35561
27.2949 35564
27.2981 35567
27.3013 35570
27.3044 35573
27.3076 35576
27.3107 35579
27.3139 35582
27.317 35585
27.3202 35588
27.3233 35591
27.3265 35594
27.3296 35597
27.3328 35600
27.3359 35603
27.3391 35606
27.3422 35609
27.3454 35612
27.3485 35615
27.3517 35618
27.3548 35621
27.358 35624
27.3611 35627
27.3643 35630
27.3674 35633
27.3706 35636
27.3737 35639
27.3769 35642
27.3801 35645
27.3832 35648
27.3864 35651
27.3895 35654
27.3927 35657
27.3958 35660
27.399 35663
27.4021 35666
27.4053 35669
27.4084 35672
27.4116 35675
27.4147 35678
27.4179 35681
27.421 35684
27.4242 35687
27.4273 35690
27.4305 35693
27.4336 35696
27.4368 35699
27.4399 35702
27.4431 35705
27.4462 35708
27.4494 35711
27.4525 35714
27.4557 35717
27.4589 35720
27.462 35723
27.4652 35726
27.4683 35729
27.4715 35732
27.4746 35735
27.4778 35738
27.4809 35741
27.4841 35744
27.4872 35747
27.4904 35750
27.4935 35753
27.4967 35756
27.4998 35759
27.503 35762
27.5061 35765
27.5093 35768
27.5124 35771
27.5156 35774
27.5187 35777
27.5219 35780
27.525 35783
27.5282 35786
27.5313 35789
27.5345 35792
27.5377 35795
27.5408 35798
27.544 35801
27.5471 35804
27.5503 35807
27.5534 35810
27.5566 35813
27.5597 35816
27.5629 35819
27.566 35822
27.5692 35825
27.5723 35828
27.5755 35831
27.5786 35834
27.5818 35837
27.5849 35840
27.5881 35843
27.5912 35846
27.5944 35849
27.5975 35852
27.6007 35855
27.6038 35858
27.607 35861
27.6101 35864
27.6133 35867
27.6165 35870
27.6196 35873
27.6228 35876
27.6259 35879
27.6291 35882
27.6322 35885
27.6354 35888
27.6385 35891
27.6417 35894
27.6448 35897
27.648 35900
27.6511 35903
27.6543 35906
27.6574 35909
27.6606 35912
27.6637 35915
27.6669 35918
27.67 35921
27.6732 35924
27.6763 35927
27.6795 35930
27.6826 35933
27.6858 35936
27.6889 35939
27.6921 35942
27.6953 35945
27.6984 35948
27.7016 35951
27.7047 35954
27.7079 35957
27.711 35960
27.7142 35963
27.7173 35966
27.7205 35969
27.7236 35972
27.7268 35975
27.7299 35978
27.7331 35981
27.7362 35984
27.7394 35987
27.7425 35990
27.7457 35993
27.7488 35996
27.752 35999
27.7551 36002
27.7583 36005
27.7614 36008
27.7646 36011
27.7677 36014
27.7709 36017
27.7741 36020
27.7772 36023
27.7804 36026
27.7835 36029
27.7867 36032
27.7898 36035
27.793 36038
27.7961 36041
27.7993 36044
27.8024 36047
27.8056 36050
27.8087 36053
27.8119 36056
27.815 36059
27.8182 36062
27.8213 36065
27.8245 36068
27.8276 36071
27.8308 36074
27.8339 36077
27.8371 36080
27.8402 36083
27.8434 36086
27.8465 36089
27.8497 36092
27.8529 36095
27.856 36098
27.8592 36101
27.8623 36104
27.8655 36107
27.8686 36110
27.8718 36113
27.8749 36116
27.8781 36119
27.8812 36122
27.8844 36125
27.8875 36128
27.8907 36131
27.8938 36134
27.897 36137
27.9001 36140
27.9033 36143
27.9064 36146
27.9096 36149
27.9127 36152
27.9159 36155
27.919 36158
27.9222 36161
27.9253 36164
27.9285 36167
27.9317 36170
27.9348 36173
27.938 36176
27.9411 36179
27.9443 36182
27.9474 36185
27.9506 36188
27.9537 36191
27.9569 36194
27.96 36197
27.9632 36200
27.9663 36203
27.9695 36206
27.9726 36209
27.9758 36212
27.9789 36215
27.9821 36218
27.9852 36221
27.9884 36224
27.9915 36227
27.9947 36230
27.9978 36233
28.001 36236
28.0041 36239
28.0073 36242
28.0105 36245
28.0136 36248
28.0168 36251
28.0199 36254
28.0231 36257
28.0262 36260
28.0294 36263
28.0325 36266
28.0357 36269
28.0388 36272
28.042 36275
28.0451 36278
28.0483 36281
28.0514 36284
28.0546 36287
28.0577 36290
28.0609 36293
28.064 36296
28.0672 36299
28.0703 36302
28.0735 36305
28.0766 36308
28.0798 36311
28.0829 36314
28.0861 36317
28.0893 36320
28.0924 36323
28.0956 36326
28.0987 36329
28.1019 36332
28.105 36335
28.1082 36338
28.1113 36341
28.1145 36344
28.1176 36347
28.1208 36350
28.1239 36353
28.1271 36356
28.1302 36359
28.1334 36362
28.1365 36365
28.1397 36368
28.1428 36371
28.146 36374
28.1491 36377
28.1523 36380
28.1554 36383
28.1586 36386
28.1617 36389
28.1649 36392
28.168 36395
28.1712 36398
28.1744 36401
28.1775 36404
28.1807 36407
28.1838 36410
28.187 36413
28.1901 36416
28.1933 36419
28.1964 36422
28.1996 36425
28.2027 36428
28.2059 36431
28.209 36434
28.2122 36437
28.2153 36440
28.2185 36443
28.2216 36446
28.2248 36449
28.2279 36452
28.2311 36455
28.2342 36458
28.2374 36461
28.2405 36464
28.2437 36467
28.2468 36470
28.25 36473
28.2532 36476
28.2563 36479
28.2595 36482
28.2626 36485
28.2658 36488
28.2689 36491
28.2721 36494
28.2752 36497
28.2784 36500
28.2815 36503
28.2847 36506
28.2878 36509
28.291 36512
28.2941 36515
28.2973 36518
28.3004 36521
28.3036 36524
28.3067 36527
28.3099 36530
28.313 36533
28.3162 36536
28.3193 36539
28.3225 36542
28.3256 36545
28.3288 36548
28.332 36551
28.3351 36554
28.3383 36557
28.3414 36560
28.3446 36563
28.3477 36566
28.3509 36569
28.354 36572
28.3572 36575
28.3603 36578
28.3635 36581
28.3666 36584
28.3698 36587
28.3729 36590
28.3761 36593
28.3792 36596
28.3824 36599
28.3855 36602
28.3887 36605
28.3918 36608
28.395 36611
28.3981 36614
28.4013 36617
28.4044 36620
28.4076 36623
28.4108 36626
28.4139 36629
28.4171 36632
28.4202 36635
28.4234 36638
28.4265 36641
28.4297 36644
28.4328 36647
28.436 36650
28.4391 36653
28.4423 36656
28.4454 36659
28.4486 36662
28.4517 36665
28.4549 36668
28.458 36671
28.4612 36674
28.4643 36677
28.4675 36680
28.4706 36683
28.4738 36686
28.4769 36689
28.4801 36692
28.4832 36695
28.4864 36698
28.4896 36701
28.4927 36704
28.4959 36707
28.499 36710
28.5022 36713
28.5053 36716
28.5085 36719
28.5116 36722
28.5148 36725
28.5179 36728
28.5211 36731
28.5242 36734
28.5274 36737
28.5305 36740
28.5337 36743
28.5368 36746
28.54 36749
28.5431 36752
28.5463 36755
28.5494 36758
28.5526 36761
28.5557 36764
28.5589 36767
28.562 36770
28.5652 36773
28.5684 36776
28.5715 36779
28.5747 36782
28.5778 36785
28.581 36788
28.5841 36791
28.5873 36794
28.5904 36797
28.5936 36800
28.5967 36803
28.5999 36806
28.603 36809
28.6062 36812
28.6093 36815
28.6125 36818
28.6156 36821
28.6188 36824
28.6219 36827
28.6251 36830
28.6282 36833
28.6314 36836
28.6345 36839
28.6377 36842
28.6408 36845
28.644 36848
28.6472 36851
28.6503 36854
28.6535 36857
28.6566 36860
28.6598 36863
28.6629 36866
28.6661 36869
28.6692 36872
28.6724 36875
28.6755 36878
28.6787 36881
28.6818 36884
28.685 36887
28.6881 36890
28.6913 36893
28.6944 36896
28.6976 36899
28.7007 36902
28.7039 36905
28.707 36908
28.7102 36911
28.7133 36914
28.7165 36917
28.7196 36920
28.7228 36923
28.726 36926
28.7291 36929
28.7323 36932
28.7354 36935
28.7386 36938
28.7417 36941
28.7449 36944
28.748 36947
28.7512 36950
28.7543 36953
28.7575 36956
28.7606 36959
28.7638 36962
28.7669 36965
28.7701 36968
28.7732 36971
28.7764 36974
28.7795 36977
28.7827 36980
28.7858 36983
28.789 36986
28.7921 36989
28.7953 36992
28.7984 36995
28.8016 36998
28.8048 37001
28.8079 37004
28.8111 37007
28.8142 37010
28.8174 37013
28.8205 37016
28.8237 37019
28.8268 37022
28.83 37025
28.8331 37028
28.8363 37031
28.8394 37034
28.8426 37037
28.8457 37040
28.8489 37043
28.852 37046
28.8552 37049
28.8583 37052
28.8615 37055
28.8646 37058
28.8678 37061
28.8709 37064
28.8741 37067
28.8772 37070
28.8804 37073
28.8836 37076
28.8867 37079
28.8899 37082
28.893 37085
28.8962 37088
28.8993 37091
28.9025 37094
28.9056 37097
28.9088 37100
28.9119 37103
28.9151 37106
28.9182 37109
28.9214 37112
28.9245 37115
28.9277 37118
28.9308 37121
28.934 37124
28.9371 37127
28.9403 37130
28.9434 37133
28.9466 37136
28.9497 37139
28.9529 37142
28.956 37145
28.9592 37148
28.9624 37151
28.9655 37154
28.9687 37157
28.9718 37160
28.975 37163
28.9781 37166
28.9813 37169
28.9844 37172
28.9876 37175
28.9907 37178
28.9939 37181
28.997 37184
29.0002 37187
29.0033 37190
29.0065 37193
29.0096 37196
29.0128 37199
29.0159 37202
29.0191 37205
29.0222 37208
29.0254 37211
29.0285 37214
29.0317 37217
29.0348 37220
29.038 37223
29.0412 37226
29.0443 37229
29.0475 37232
29.0506 37235
29.0538 37238
29.0569 37241
29.0601 37244
29.0632 37247
29.0664 37250
29.0695 37253
29.0727 37256
29.0758 37259
29.079 37262
29.0821 37265
29.0853 37268
29.0884 37271
29.0916 37274
29.0947 37277
29.0979 37280
29.101 37283
29.1042 37286
29.1073 37289
29.1105 37292
29.1136 37295
29.1168 37298
29.12 37301
29.1231 37304
29.1263 37307
29.1294 37310
29.1326 37313
29.1357 37316
29.1389 37319
29.142 37322
29.1452 37325
29.1483 37328
29.1515 37331
29.1546 37334
29.1578 37337
29.1609 37340
29.1641 37343
29.1672 37346
29.1704 37349
29.1735 37352
29.1767 37355
29.1798 37358
29.183 37361
29.1861 37364
29.1893 37367
29.1924 37370
29.1956 37373
29.1988 37376
29.2019 37379
29.2051 37382
29.2082 37385
29.2114 37388
29.2145 37391
29.2177 37394
29.2208 37397
29.224 37400
29.2271 37403
29.2303 37406
29.2334 37409
29.2366 37412
29.2397 37415
29.2429 37418
29.246 37421
29.2492 37424
29.2523 37427
29.2555 37430
29.2586 37433
29.2618 37436
29.2649 37439
29.2681 37442
29.2712 37445
29.2744 37448
29.2776 37451
29.2807 37454
29.2839 37457
29.287 37460
29.2902 37463
29.2933 37466
29.2965 37469
29.2996 37472
29.3028 37475
29.3059 37478
29.3091 37481
29.3122 37484
29.3154 37487
29.3185 37490
29.3217 37493
29.3248 37496
29.328 37499
29.3311 37502
29.3343 37505
29.3374 37508
29.3406 37511
29.3437 37514
29.3469 37517
29.35 37520
29.3532 37523
29.3564 37526
