IRIDIUM 106             
1 41917U 17003A   21117.67118112  .00000118  00000-0  35225-4 0  9993
2 41917  86.3975 152.7266 0002088  85.0033 275.1401 14.34215550224242
IRIDIUM 103             
1 41918U 17003B   21118.14688003  .00000108  00000-0  31547-4 0  9990
2 41918  86.3974 152.4340 0002634  88.0317 272.1180 14.34218166224345
IRIDIUM 109             
1 41919U 17003C   21118.15322501  .00000107  00000-0  31078-4 0  9998
2 41919  86.3975 152.4597 0002396  89.6396 270.5075 14.34218334224320
IRIDIUM 102             
1 41920U 17003D   21117.35405784  .00000108  00000-0  31433-4 0  9992
2 41920  86.3975 152.7574 0002484  96.7588 263.3891 14.34219543224273
IRIDIUM 105             
1 41921U 17003E   21118.44105649  .00000068  00000-0  17062-4 0  9998
2 41921  86.3932 120.7089 0002117  74.1924 285.9505 14.34219943226289
IRIDIUM 104             
1 41922U 17003F   21117.36674278  .00000114  00000-0  33670-4 0  9993
2 41922  86.3975 152.7663 0002246  84.4980 275.6472 14.34218538224263
IRIDIUM 114             
1 41923U 17003G   21117.37308403  .00000111  00000-0  32665-4 0  9999
2 41923  86.3975 152.7524 0002037  96.3772 263.7656 14.34218389224265
IRIDIUM 108             
1 41924U 17003H   21118.44790350  .00000070  00000-0  18050-4 0  9991
2 41924  86.3927 120.7065 0002017  84.1019 276.0406 14.34217796226279
IRIDIUM 112             
1 41925U 17003J   21118.12785163  .00000111  00000-0  32462-4 0  9992
2 41925  86.3970 152.3677 0002247 101.9859 258.1588 14.34216960224400
IRIDIUM 111             
1 41926U 17003K   21117.34771600 -.00000010  00000-0 -10540-4 0  9990
2 41926  86.3977 152.7231 0002458  87.8154 272.3323 14.34216433224244
IRIDIUM 113             
1 42803U 17039A   21118.44397336  .00000127  00000-0  38440-4 0  9992
2 42803  86.4026  25.9380 0002423  77.5672 282.5795 14.34219147202331
IRIDIUM 123             
1 42804U 17039B   21117.57846464  .00000092  00000-0  25738-4 0  9994
2 42804  86.3992  57.8511 0002469  86.3453 273.8025 14.34218413200970
IRIDIUM 120             
1 42805U 17039C   21118.43762794  .00000133  00000-0  40431-4 0  9997
2 42805  86.4015  25.9662 0002416  74.9898 285.1565 14.34218504202326
IRIDIUM 115             
1 42806U 17039D   21117.81804772  .00000147  00000-0  37830-4 0  9996
2 42806  86.4554  26.0699 0004400  97.5285 262.6416 14.43283788203628
IRIDIUM 118             
1 42807U 17039E   21117.81948382  .00000089  00000-0  24749-4 0  9993
2 42807  86.3991  57.7564 0002357  92.0911 268.0554 14.34217410201013
IRIDIUM 117             
1 42808U 17039F   21117.83850915  .00000097  00000-0  27721-4 0  9992
2 42808  86.3991  57.7224 0002254  73.9308 286.2136 14.34219125201047
IRIDIUM 126             
1 42809U 17039G   21117.58480476  .00000097  00000-0  27423-4 0  9995
2 42809  86.3992  57.8503 0002335  83.4637 276.6825 14.34218691200988
IRIDIUM 124             
1 42810U 17039H   21117.68258154  .00000142  00000-0  36358-4 0  9992
2 42810  86.4521 354.5875 0001917  81.5626 278.5792 14.43276835204454
IRIDIUM 128             
1 42811U 17039J   21117.36623852  .00000094  00000-0  26670-4 0  9991
2 42811  86.3939  89.5037 0002908  79.7541 280.3983 14.34219109200975
IRIDIUM 121             
1 42812U 17039K   21117.53405869  .00000080  00000-0  21412-4 0  9991
2 42812  86.3992  57.8887 0002447  84.9148 275.2327 14.34214821200842
IRIDIUM 133             
1 42955U 17061A   21118.16540369  .00000080  00000-0  21498-4 0  9993
2 42955  86.3942  89.2427 0002635  83.1890 276.9605 14.34215265185884
IRIDIUM 100             
1 42956U 17061B   21117.67067603  .00000087  00000-0  24086-4 0  9997
2 42956  86.3939  89.4129 0002264  85.8676 274.2779 14.34219111185833
IRIDIUM 122             
1 42957U 17061C   21118.19711611  .00000083  00000-0  22550-4 0  9991
2 42957  86.3941  89.1889 0002737  80.1253 280.0252 14.34218574185890
IRIDIUM 129             
1 42958U 17061D   21117.87363295  .00000085  00000-0  23292-4 0  9993
2 42958  86.3941  89.3710 0002618  83.4440 276.7054 14.34220670185867
IRIDIUM 119             
1 42959U 17061E   21117.35354838  .00000090  00000-0  25221-4 0  9990
2 42959  86.3941  89.5749 0002611  86.0597 274.0897 14.34219314185800
IRIDIUM 107             
1 42960U 17061F   21117.86095402  .00000091  00000-0  25315-4 0  9992
2 42960  86.3942  89.3723 0002348  83.6016 276.5447 14.34219106185895
IRIDIUM 132             
1 42961U 17061G   21117.86730447  .00000085  00000-0  23164-4 0  9991
2 42961  86.3942  89.3599 0002276  78.8048 281.3404 14.34218803185887
IRIDIUM 136             
1 42962U 17061H   21118.45717740  .00000090  00000-0  25242-4 0  9994
2 42962  86.3942  89.1134 0002618  87.8792 272.2704 14.34218827185986
IRIDIUM 139             
1 42963U 17061J   21118.18442833  .00000087  00000-0  23877-4 0  9991
2 42963  86.3943  89.2595 0002400  82.0174 278.1294 14.34217938185958
IRIDIUM 125             
1 42964U 17061K   21118.17173471  .00000080  00000-0  21516-4 0  9991
2 42964  86.3945  89.2918 0002330  82.1600 277.9860 14.34220208185968
IRIDIUM 135             
1 43070U 17083A   21118.21564010  .00000123  00000-0  36833-4 0  9998
2 43070  86.4021  25.9937 0001750  88.0323 272.1073 14.34216316175263
IRIDIUM 138             
1 43071U 17083B   21118.17124756  .00000127  00000-0  38373-4 0  9998
2 43071  86.4010  25.8727 0002364  82.9862 277.1602 14.34218183175246
IRIDIUM 116             
1 43072U 17083C   21118.20929417  .00000102  00000-0  29225-4 0  9999
2 43072  86.4020  26.0044 0002170  92.6911 267.4534 14.34219475175286
IRIDIUM 130             
1 43073U 17083D   21118.17757602  .00000122  00000-0  36382-4 0  9995
2 43073  86.4028  26.1088 0002405  85.3022 274.8448 14.34217299175229
IRIDIUM 151             
1 43074U 17083E   21118.22198537  .00000125  00000-0  37712-4 0  9999
2 43074  86.4032  26.0119 0003902  75.0035 285.1593 14.34217476175258
IRIDIUM 134             
1 43075U 17083F   21118.19026849  .00000121  00000-0  36206-4 0  9995
2 43075  86.4023  26.0085 0002076  77.2516 282.8912 14.34216398175217
IRIDIUM 137             
1 43076U 17083G   21117.50526853  .00000122  00000-0  36449-4 0  9990
2 43076  86.4025  26.3529 0002256  94.1189 266.0264 14.34216260175188
IRIDIUM 141             
1 43077U 17083H   21117.70822850  .00000115  00000-0  34040-4 0  9996
2 43077  86.4019  26.2020 0002418  86.9765 273.1707 14.34215928175211
IRIDIUM 153             
1 43078U 17083J   21117.66041545  .00000127  00000-0  38217-4 0  9999
2 43078  86.3997 354.6614 0002960  82.7022 277.4510 14.34217261176318
IRIDIUM 131             
1 43079U 17083K   21117.69554863  .00000113  00000-0  33141-4 0  9991
2 43079  86.4026  26.2678 0002377  82.2113 277.9353 14.34219357175141
IRIDIUM 144             
1 43249U 18030A   21117.38767737  .00000144  00000-0  44312-4 0  9991
2 43249  86.3995 354.7586 0001929  77.4883 282.6528 14.34215816161130
IRIDIUM 149             
1 43250U 18030B   21117.67308342  .00000108  00000-0  31604-4 0  9998
2 43250  86.3994 354.6264 0001733  80.4808 279.6583 14.34220530161199
IRIDIUM 157             
1 43251U 18030C   21118.18050522  .00000116  00000-0  34520-4 0  9999
2 43251  86.3994 354.4260 0002411  92.0393 268.1079 14.34219141161241
IRIDIUM 140             
1 43252U 18030D   21118.19951487  .00000109  00000-0  31969-4 0  9997
2 43252  86.3996 354.4325 0001636  62.7137 297.4225 14.34220688161307
IRIDIUM 145             
1 43253U 18030E   21117.21008102  .00000117  00000-0  34697-4 0  9997
2 43253  86.3996 354.8249 0000877  95.3805 264.7490 14.34216313161094
IRIDIUM 146             
1 43254U 18030F   21117.40036699  .00000114  00000-0  33535-4 0  9998
2 43254  86.3995 354.7620 0001776  90.5285 269.6114 14.34218985161133
IRIDIUM 148             
1 43255U 18030G   21118.13611306  .00000119  00000-0  35388-4 0  9997
2 43255  86.3995 354.4708 0002117  94.0965 266.0473 14.34219113161281
IRIDIUM 142             
1 43256U 18030H   21118.17415000  .00000124  00000-0  37088-4 0  9990
2 43256  86.3993 354.4131 0002045  88.0125 272.1305 14.34216158161245
IRIDIUM 150             
1 43257U 18030J   21117.65407445  .00000112  00000-0  32921-4 0  9995
2 43257  86.3996 354.6860 0002021  81.6192 278.5233 14.34217297161219
IRIDIUM 143             
1 43258U 18030K   21117.49550579  .00000116  00000-0  34348-4 0  9994
2 43258  86.4000 354.7675 0001598  87.0711 273.0667 14.34217768161132
IRIDIUM 161             
1 43478U 18047C   21118.14577842  .00000128  00000-0  31982-4 0  9995
2 43478  86.4496 152.5397 0002563  84.8604 275.2889 14.43285474154545
IRIDIUM 152             
1 43479U 18047D   21118.44498586  .00000106  00000-0  30702-4 0  9991
2 43479  86.3970 152.2840 0002195  99.3964 260.7479 14.34219606153641
IRIDIUM 147             
1 43480U 18047E   21118.45131229  .00000102  00000-0  29536-4 0  9991
2 43480  86.3961 152.2543 0002329  92.0111 268.1352 14.34215826153637
IRIDIUM 110             
1 43481U 18047F   21118.45766378  .00000115  00000-0  33972-4 0  9994
2 43481  86.3972 152.2934 0002214  84.7928 275.3520 14.34216594153620
IRIDIUM 162             
1 43482U 18047G   21117.65417452  .00000116  00000-0  28589-4 0  9991
2 43482  86.4495 152.6616 0002170  83.6321 276.5127 14.43284919154464
IRIDIUM 160             
1 43569U 18061A   21118.26396231  .00000066  00000-0  16498-4 0  9992
2 43569  86.3929 120.7581 0002400  95.6739 264.4731 14.34216003144498
IRIDIUM 166             
1 43570U 18061B   21117.45209988  .00000063  00000-0  15365-4 0  9995
2 43570  86.3928 121.0742 0002058  85.9468 274.1963 14.34219682144404
IRIDIUM 158             
1 43571U 18061C   21117.42039946  .00000065  00000-0  16163-4 0  9997
2 43571  86.3928 121.0952 0002080  93.9710 266.1724 14.34218368144363
IRIDIUM 165             
1 43572U 18061D   21117.44577358  .00000064  00000-0  15703-4 0  9992
2 43572  86.3930 121.0964 0002027  92.9471 267.1957 14.34216819144395
IRIDIUM 155             
1 43573U 18061E   21117.96585621  .00000063  00000-0  15487-4 0  9990
2 43573  86.3925 120.8379 0002421  77.3227 282.8239 14.34219520144446
IRIDIUM 154             
1 43574U 18061F   21117.45845082  .00000068  00000-0  17346-4 0  9996
2 43574  86.3930 121.0944 0002409  95.6820 264.4650 14.34219008144413
IRIDIUM 163             
1 43575U 18061G   21117.43941674  .00000070  00000-0  17872-4 0  9996
2 43575  86.3927 121.0748 0001786  96.3736 263.7663 14.34219573144382
IRIDIUM 156             
1 43576U 18061H   21117.97221127  .00000062  00000-0  15016-4 0  9999
2 43576  86.3927 120.8570 0001990  83.8358 276.3065 14.34217170144445
IRIDIUM 164             
1 43577U 18061J   21118.44155868  .00000061  00000-0  14820-4 0  9992
2 43577  86.3929 120.6724 0002268  95.5872 264.5582 14.34217136144565
IRIDIUM 159             
1 43578U 18061K   21117.29355298  .00000065  00000-0  16163-4 0  9990
2 43578  86.3926 121.1289 0002333  94.1048 266.0414 14.34217742144360
IRIDIUM 180             
1 43922U 19002A   21118.47911180  .00000096  00000-0  27322-4 0  9991
2 43922  86.3991  57.4506 0002379 110.9006 249.2444 14.34218742120180
IRIDIUM 176             
1 43923U 19002B   21117.57054488  .00000223  00000-0  31418-4 0  9994
2 43923  86.6125  57.8618 0002579  89.2625 270.8888 14.72262979123142
IRIDIUM 168             
1 43924U 19002C   21117.56577173  .00000050  00000-0  10669-4 0  9998
2 43924  86.3993  57.8564 0002349  91.9502 268.1963 14.34215090119994
IRIDIUM 173             
1 43925U 19002D   21117.83217051  .00000089  00000-0  24889-4 0  9996
2 43925  86.3990  57.7104 0002232  90.7338 269.4113 14.34217357120021
IRIDIUM 169             
1 43926U 19002E   21117.35930802  .00000087  00000-0  22022-4 0  9995
2 43926  86.4198  89.5175 0006783  54.4079 305.7751 14.38613504120398
IRIDIUM 172             
1 43927U 19002F   21117.82582116  .00000088  00000-0  24392-4 0  9992
2 43927  86.3989  57.7151 0002249  92.9188 267.2265 14.34217490120020
IRIDIUM 175             
1 43928U 19002G   21117.56444152  .00000222  00000-0  31294-4 0  9990
2 43928  86.6109  57.6944 0001762  88.9409 271.2010 14.72250053123139
IRIDIUM 171             
1 43929U 19002H   21117.52772449  .00000088  00000-0  24290-4 0  9998
2 43929  86.3999  57.9376 0002352  91.5692 268.5774 14.34218201119976
IRIDIUM 170             
1 43930U 19002J   21117.57669453  .00000213  00000-0  29866-4 0  9999
2 43930  86.6125  57.8657 0002330  91.0683 269.0801 14.72263123123151
IRIDIUM 167             
1 43931U 19002K   21118.21904794  .00000088  00000-0  24197-4 0  9994
2 43931  86.3992  57.5568 0002389 105.2283 254.9177 14.34220309120071
